10 0.900537 0.935858 0.900401 0.901465 0.900682 0.900344 
11 0.890622 0.930474 0.890703 0.891542 0.890651 0.89029 
12 0.881203 0.925408 0.880944 0.88135 0.881085 0.881063 
13 0.87143 0.920423 0.871367 0.871246 0.871429 0.871126 
14 0.861309 0.914808 0.861368 0.861221 0.860864 0.861076 
15 0.851611 0.909872 0.851809 0.852006 0.851694 0.851689 
16 0.841336 0.904312 0.841024 0.841383 0.840983 0.841239 
17 0.832149 0.899617 0.832303 0.83204 0.832267 0.831847 
18 0.821825 0.89416 0.822088 0.821962 0.822372 0.821675 
19 0.812304 0.888924 0.812456 0.811672 0.812209 0.812353 
20 0.801991 0.883124 0.802061 0.801786 0.802173 0.802208 
