10 0.649666 0.681818 0.601689 0.446679 0.61782 0.649212 
11 0.630743 0.670241 0.580174 0.428576 0.59666 0.630922 
12 0.611064 0.656171 0.558049 0.411093 0.574906 0.611097 
13 0.593757 0.644701 0.539236 0.394963 0.55609 0.593737 
14 0.576713 0.632698 0.520734 0.380255 0.537816 0.576969 
15 0.561159 0.620937 0.504128 0.366743 0.520959 0.56097 
16 0.546574 0.610822 0.488649 0.354509 0.505252 0.546684 
17 0.532211 0.600305 0.47359 0.343202 0.489967 0.532227 
18 0.517958 0.588587 0.458445 0.331597 0.474621 0.517362 
19 0.504816 0.578841 0.4454 0.321398 0.461511 0.504703 
20 0.49284 0.5697 0.432825 0.311267 0.449064 0.492833 
