10 0.119701 0.145049 0.082719 0.056013 0.093035 0.119341 
11 0.10884 0.132865 0.074497 0.050082 0.08365 0.108798 
12 0.10007 0.122986 0.067892 0.04546 0.076051 0.100208 
13 0.092455 0.114723 0.062418 0.041354 0.069676 0.092711 
14 0.085691 0.106855 0.057363 0.038085 0.063966 0.08591 
15 0.079698 0.100003 0.05311 0.035166 0.059282 0.079803 
16 0.074016 0.093635 0.049075 0.032378 0.054402 0.074217 
17 0.069819 0.088663 0.046111 0.030338 0.051092 0.069868 
18 0.065322 0.083115 0.042703 0.028151 0.047391 0.065525 
19 0.061664 0.079135 0.040238 0.026353 0.044535 0.062019 
20 0.057889 0.07434 0.037516 0.02455 0.041531 0.05743 
