10 0.005349 0.008218 0.001825 0.001314 0.003067 0.005646 
11 0.002767 0.004179 0.000858 0.00064 0.001464 0.002727 
12 0.001573 0.002592 0.000495 0.000361 0.000851 0.001529 
13 0.000891 0.001403 0.000267 0.000188 0.000434 0.000858 
14 0.000494 0.000756 0.000133 0.000108 0.000233 0.000414 
15 0.000252 0.000372 7.3e-05 5.3e-05 0.000112 0.000297 
16 0.000133 0.000192 4.9e-05 3.5e-05 7.3e-05 0.000149 
17 0.000155 0.00022 4.6e-05 3.8e-05 7.8e-05 0.000139 
18 3.6e-05 5.2e-05 2.4e-05 2.1e-05 2.8e-05 4.6e-05 
19 5.5e-05 5.5e-05 2.3e-05 2.3e-05 2.8e-05 4.3e-05 
20 2e-05 1.9e-05 2e-05 2e-05 2e-05 2e-05 
