9 0.130717 0.157103 0.091393 0.062021 0.102921 0.130954 
10 0.118501 0.143833 0.081883 0.055179 0.092043 0.118615 
11 0.10683 0.13092 0.072736 0.04887 0.081682 0.106607 
12 0.098463 0.121704 0.066683 0.044688 0.074711 0.098192 
13 0.091097 0.113383 0.06131 0.040715 0.068503 0.091035 
14 0.083903 0.105194 0.056043 0.037084 0.062381 0.084004 
15 0.077742 0.098367 0.051625 0.034221 0.057782 0.077935 
16 0.073287 0.093035 0.048371 0.031826 0.053629 0.073549 
17 0.06871 0.087631 0.045176 0.029674 0.050226 0.06836 
18 0.06399 0.081665 0.041844 0.027402 0.04637 0.064014 
