9 0.009686 0.014777 0.003698 0.00262 0.005919 0.009715 
10 0.005607 0.00863 0.001953 0.001382 0.00321 0.00543 
11 0.003151 0.004773 0.000995 0.000689 0.001694 0.003028 
12 0.001693 0.002555 0.000494 0.000352 0.000858 0.001732 
13 0.000881 0.00131 0.000241 0.000172 0.0004 0.000825 
14 0.000459 0.000657 0.000115 8.5e-05 0.000199 0.000391 
15 0.000317 0.000463 8.1e-05 6.5e-05 0.000155 0.000232 
16 0.000134 0.000207 4.4e-05 3.7e-05 6e-05 0.000139 
17 0.000119 0.000185 4.1e-05 3.7e-05 6.3e-05 0.000184 
18 5.2e-05 5.3e-05 2.2e-05 2.4e-05 3e-05 3.4e-05 
