9 0.658391 0.686525 0.613157 0.456294 0.629403 0.658774 
10 0.635938 0.671444 0.587005 0.434469 0.60362 0.635598 
11 0.6172 0.659496 0.565808 0.41713 0.58286 0.617107 
12 0.598183 0.646461 0.544346 0.399212 0.561464 0.597349 
13 0.578159 0.632442 0.522856 0.382825 0.539913 0.577999 
14 0.562373 0.621825 0.505661 0.368368 0.52264 0.562766 
15 0.544727 0.608781 0.487512 0.354109 0.504268 0.545008 
16 0.528538 0.595883 0.470037 0.340271 0.48684 0.52915 
17 0.515151 0.586327 0.455667 0.329195 0.472527 0.515357 
18 0.501194 0.57537 0.441444 0.31792 0.457952 0.500876 
