9 0.901727 0.934847 0.901577 0.901152 0.901218 0.901601 
10 0.890137 0.928728 0.890134 0.889763 0.890012 0.889702 
11 0.879717 0.92325 0.879656 0.879059 0.879421 0.879472 
12 0.868152 0.916948 0.868203 0.868574 0.867959 0.867902 
13 0.857051 0.911375 0.857177 0.857095 0.856925 0.856986 
14 0.846621 0.905838 0.846509 0.846537 0.846628 0.846088 
15 0.834954 0.899479 0.835156 0.834994 0.835033 0.834935 
16 0.824427 0.893609 0.824465 0.82395 0.82438 0.824114 
17 0.813149 0.887565 0.813334 0.813156 0.813322 0.813105 
18 0.801439 0.88085 0.801393 0.802346 0.801349 0.801581 
