10000 0.07175014000000003 0.3076298599999994 0.047696620000000134 0.03333821999999996 0.05292855999999976 0.07150563999999976 
20000 0.0715197799999998 0.30770010999999886 0.04730928999999996 0.03224229 0.05258338000000002 0.07141768999999996 
30000 0.07132255999999969 0.3076742466666663 0.04708426000000008 0.031768753333333455 0.05236189333333322 0.07127091333333326 
40000 0.07136861999999998 0.307744554999998 0.047086024999999886 0.031613175000000056 0.0523743349999999 0.0713035500000001 
50000 0.07131948000000012 0.3077486839999989 0.047021824 0.031453419999999926 0.052329520000000095 0.07126944000000009 
60000 0.0713305000000002 0.30776114666666565 0.04701171 0.03137448333333343 0.05231358666666654 0.07131082 
70000 0.07128049714285724 0.30768162000000104 0.04696257714285724 0.03129147142857152 0.05227302285714303 0.07124390285714285 
80000 0.07129650000000005 0.30773822250000105 0.04696948499999998 0.03125090000000004 0.05227291999999999 0.07127253250000026 
90000 0.07125879333333335 0.30776911555555503 0.04693230888888894 0.03120442444444438 0.052233982222222405 0.071243828888889 
100000 0.07125651199999994 0.3077244259999997 0.04693683799999987 0.031172145999999974 0.05224126799999989 0.07124354799999982 
