10000 0.09274397999999999 0.30548186000000066 0.06262017999999989 0.04331437999999997 0.07019511999999985 0.09251969999999987 
20000 0.09251807000000005 0.30546771999999994 0.06225994999999993 0.04239004000000006 0.06991482999999984 0.09244368999999983 
30000 0.09247175333333363 0.3054788066666668 0.062173400000000066 0.042059599999999926 0.06983155333333319 0.09243406666666681 
40000 0.09239593500000008 0.30543636999999974 0.062090664999999975 0.04187889500000005 0.06976105000000007 0.09238860000000021 
50000 0.09238162400000006 0.30543810000000127 0.06206864399999995 0.04176968799999996 0.06974688800000016 0.09236175600000002 
60000 0.0923623066666664 0.3054437933333331 0.06203901333333331 0.041703286666666776 0.06971868666666667 0.09232723666666665 
70000 0.09236673714285694 0.30546532000000004 0.06203757714285718 0.0416525828571427 0.0697142314285715 0.09235305999999985 
80000 0.09234589749999976 0.3054693025 0.0620117049999999 0.04160062500000007 0.06969887499999984 0.09231796999999986 
90000 0.09233846666666669 0.3054261955555553 0.06200423333333326 0.041569246666666664 0.06968862222222236 0.09232587777777758 
100000 0.09234615599999968 0.3054287380000005 0.06200515599999983 0.041553746000000086 0.06968969000000017 0.09233234799999998 
