10000 0.16638709999999968 0.29638360000000036 0.12004784000000025 0.08485686000000041 0.13830591999999944 0.16627382000000063 
20000 0.16617802999999973 0.29627038999999933 0.11980874999999964 0.08437388999999978 0.1380531099999998 0.16612378 
30000 0.165980219999999 0.2962760933333341 0.11965985333333336 0.08418940666666666 0.13785932000000028 0.165950553333333 
40000 0.16613771500000038 0.2963829899999996 0.11973695999999984 0.08416538500000019 0.1379912999999994 0.16607430000000017 
50000 0.16607443200000005 0.2963219719999987 0.11972244800000027 0.08413339999999986 0.13796806000000014 0.16607172399999978 
60000 0.16608418666666652 0.2962912800000004 0.11972693333333305 0.0841008533333335 0.1379858366666668 0.16610722666666677 
70000 0.16608133714285658 0.2963087342857136 0.11971990857142852 0.08409303142857118 0.1379739514285711 0.16604126571428524 
80000 0.1660424475000005 0.29630836500000013 0.11967620749999996 0.0840446425000002 0.13790158499999933 0.1660398775 
90000 0.16607098222222164 0.2963044622222227 0.11969288666666697 0.08404701111111167 0.13792917333333327 0.16606036666666582 
100000 0.16603974599999966 0.2962987859999997 0.11966685000000052 0.08403241799999978 0.13790500600000022 0.16602665999999985 
