10000 0.0013621999999999846 0.33335474000000015 0.0013621999999999846 0.0013621999999999846 0.0013621999999999846 0.0013621999999999846 
20000 0.0007301900000000069 0.3333384000000013 0.0007301900000000069 0.0007301900000000069 0.0007301900000000069 0.0007301900000000069 
30000 0.0005075066666666625 0.33336067999999924 0.0005072799999999958 0.0005072799999999958 0.0005073066666666624 0.0005073066666666625 
40000 0.0003917999999999895 0.3333186600000018 0.0003906499999999896 0.0003906349999999896 0.0003907599999999896 0.00039089499999998964 
50000 0.00032003999999998727 0.33335202799999775 0.00031900799999998717 0.0003189999999999872 0.0003191239999999871 0.0003191799999999872 
60000 0.00027212666666665236 0.3333356533333337 0.00027025666666665246 0.0002702366666666524 0.0002704533333333191 0.0002706466666666524 
70000 0.00023739428571427194 0.3332991171428578 0.00023461428571427235 0.00023460571428570088 0.0002349342857142724 0.00023523999999998664 
80000 0.00021192999999998695 0.33331260250000017 0.00020776249999998733 0.00020775249999998725 0.00020826749999998758 0.00020889249999998753 
90000 0.0001916066666666542 0.33332039555555576 0.00018659555555554358 0.00018657333333332136 0.00018713777777776578 0.00018773999999998787 
100000 0.00017588799999998853 0.33333011599999957 0.00016974399999998934 0.00016970399999998936 0.0001703799999999895 0.00017106599999998947 
