10000 0.06452395999999992 0.3085719999999997 0.04267451999999986 0.030142059999999925 0.04715998000000011 0.0642683199999997 
20000 0.0642135300000002 0.30846917999999873 0.042223790000000094 0.02889564999999988 0.04675253000000012 0.06407737999999986 
30000 0.06415013333333335 0.30858394666666605 0.04210248666666676 0.028455006666666675 0.04665991333333334 0.06408970666666658 
40000 0.06408174999999988 0.3084889149999981 0.0420151400000001 0.028217840000000046 0.046560295000000015 0.06401215500000002 
50000 0.064032576 0.3084903239999989 0.04195882399999998 0.028061560000000037 0.04651763999999996 0.06398388799999995 
60000 0.06400032666666683 0.3084778933333319 0.04191022333333335 0.02795572666666667 0.04646084333333352 0.06395536000000002 
70000 0.06400632285714297 0.3084841742857131 0.04190504571428582 0.027883477142857122 0.04646203999999988 0.06396734857142854 
80000 0.06399424000000004 0.3084834350000005 0.04188364750000012 0.02782703250000007 0.04643833250000002 0.06394487750000023 
90000 0.06399492222222221 0.3084867444444449 0.04188324222222221 0.027785782222222187 0.0464453555555556 0.06395408444444463 
100000 0.06397841400000003 0.3084901 0.04186059400000018 0.027747993999999936 0.04642241199999995 0.06395121199999991 
