10000 0.5470456599999983 0.7379879199999979 0.49353501999999955 0.36291152000000054 0.5116431600000008 0.546956 
20000 0.5470785299999996 0.7380034299999942 0.49352150999999783 0.3614777299999996 0.5116103900000019 0.5470761700000001 
30000 0.5471108533333365 0.7380313533333317 0.493514486666664 0.361010453333335 0.5116302933333319 0.5471037066666702 
40000 0.5470094649999998 0.7379738449999973 0.4934019650000001 0.36069517500000114 0.511510079999999 0.5469477299999982 
50000 0.5469458160000017 0.7380067479999993 0.49335493999999996 0.36048099199999817 0.5115151840000015 0.5469410440000012 
60000 0.5469643766666649 0.738022236666668 0.4933868433333337 0.36040941999999965 0.5114864899999989 0.5469675533333322 
70000 0.5470061857142854 0.7380126000000017 0.49339809999999995 0.3603646828571433 0.5115152514285713 0.5469855371428564 
80000 0.5469587324999993 0.7380190800000007 0.4933630524999991 0.3602558025000003 0.5114782974999996 0.5469686750000005 
90000 0.5469726688888881 0.7380450533333299 0.49339910444444635 0.36023132888888887 0.5115077599999982 0.5469678466666669 
100000 0.5469876200000001 0.7380196279999998 0.4933857100000003 0.3602009560000001 0.5115148000000012 0.5469907159999997 
