10000 0.08093600000000031 0.3068061999999989 0.054128859999999904 0.03758977999999995 0.0603501999999999 0.08072016000000012 
20000 0.08066479999999994 0.3067816399999996 0.053746180000000116 0.036552020000000116 0.060002910000000055 0.08052656999999967 
30000 0.08054490000000022 0.3067996666666656 0.05356344000000022 0.03616364666666669 0.05984932666666681 0.08045200666666658 
40000 0.08055973499999987 0.30678015999999864 0.053562659999999866 0.036005625000000034 0.05986430500000014 0.08050478500000006 
50000 0.08046487200000005 0.3067094279999996 0.05348272399999995 0.03585219599999997 0.059776339999999956 0.08039201600000019 
60000 0.08048262333333316 0.3067572433333339 0.05347492000000002 0.035782589999999954 0.059766143333333625 0.0804735999999999 
70000 0.08048922571428571 0.30679148571428694 0.05347089999999999 0.03573788285714285 0.059784400000000085 0.08044748857142836 
80000 0.08045875499999998 0.3067625875 0.05344164749999981 0.03567708 0.05973403000000015 0.08043051249999986 
90000 0.08041832444444451 0.3067456822222226 0.053399857777777913 0.035618742222222305 0.05969453777777776 0.08039396666666661 
100000 0.08044418200000011 0.3067547479999998 0.05342030800000015 0.03560349800000004 0.05972125600000013 0.08041964799999977 
