10000 0.8026877999999943 0.9753051599999986 0.8026474999999956 0.8025770599999944 0.802650439999991 0.8025935599999935 
20000 0.8025705899999904 0.9753232600000064 0.8025757999999938 0.8024814099999956 0.8025453499999939 0.8025978099999934 
30000 0.8024750999999993 0.9752873600000012 0.8024780733333349 0.802464660000001 0.8024887200000005 0.8024583799999991 
40000 0.8025189049999999 0.975294875000001 0.8025206949999986 0.8024942349999997 0.80250826 0.8025263900000003 
50000 0.8025142559999969 0.9753027360000008 0.8025040439999966 0.8024825279999999 0.8025159439999974 0.802517447999999 
60000 0.8025246566666672 0.9753098366666695 0.8025345600000003 0.8025077466666646 0.8025215999999997 0.8025060699999985 
70000 0.8025270628571433 0.9753022685714263 0.802529454285714 0.8025121314285725 0.8025223342857176 0.8024882800000012 
80000 0.8025052449999985 0.9753077450000012 0.8025045100000011 0.8024686475000015 0.8025057975000031 0.8024994399999997 
90000 0.8024721355555524 0.9753082622222224 0.8024851266666652 0.8024611444444439 0.8024972155555566 0.8025085755555582 
100000 0.8024815400000014 0.9752935860000008 0.8024749619999973 0.802463363999999 0.802469859999999 0.8024777539999967 
