10000 0.5324278599999999 0.7497556399999973 0.47625622000000023 0.3492334000000004 0.4939601399999996 0.5323714000000014 
20000 0.5323108700000003 0.74985143 0.47611915000000127 0.3475387500000016 0.49382497999999714 0.5323420699999997 
30000 0.5322270199999993 0.7498275399999987 0.4760171733333308 0.34706449333333234 0.49376955999999816 0.5323137133333328 
40000 0.5322434800000012 0.7498347149999993 0.4759966400000014 0.3467204700000015 0.49375907499999977 0.5322354200000003 
50000 0.5321834999999979 0.7498167720000003 0.4759240200000009 0.3464800159999985 0.4936847840000004 0.5321862240000018 
60000 0.5321936300000024 0.7498231833333333 0.475953833333334 0.34636338333333466 0.4937022366666656 0.5321987199999995 
70000 0.5322216257142863 0.7498233485714293 0.4759536885714278 0.346251805714285 0.493716579999999 0.5322197371428574 
80000 0.5321887625000005 0.74981032 0.4759211725000015 0.3461817975000005 0.49367555499999816 0.5321948449999999 
90000 0.5322182600000002 0.7498462733333335 0.4759666600000008 0.3461318933333347 0.4937241911111099 0.53217793111111 
100000 0.5321779980000005 0.7498139740000006 0.47592091599999914 0.34608594400000037 0.49366155999999967 0.5321703320000012 
