10000 0.13136071999999954 0.30093289999999995 0.09170678000000024 0.06376306000000008 0.10455790000000022 0.1312662999999998 
20000 0.1312920099999998 0.3008664100000006 0.09156198000000004 0.06314858000000001 0.10441019000000026 0.13125984000000007 
30000 0.13116093333333306 0.3008874533333345 0.0914150533333332 0.06290958 0.10426909333333327 0.13114479333333337 
40000 0.13115592499999962 0.3008536000000007 0.09140681000000023 0.06280634499999996 0.10426035000000018 0.13116657499999995 
50000 0.13118821200000008 0.3008912760000007 0.0913988799999999 0.06276921199999994 0.10426531200000011 0.13116462799999962 
60000 0.13117001666666686 0.3009274400000002 0.09138922333333335 0.06272611666666673 0.10425429999999987 0.1311551233333336 
70000 0.13111917428571426 0.3008478771428563 0.09135565714285723 0.06267158571428569 0.10420724571428579 0.13111321142857085 
80000 0.13113391249999962 0.30092662499999995 0.09136101249999991 0.06266463750000009 0.10422537249999994 0.1311246924999998 
90000 0.13116698666666665 0.3009248577777778 0.09137631777777781 0.06266319555555559 0.10424774444444448 0.13115437555555548 
100000 0.13116290199999966 0.3008962959999994 0.09137112799999986 0.06263977400000005 0.10424562799999987 0.13114281799999994 
