10000 0.07176273999999998 0.3076704799999999 0.04770406000000004 0.0333895200000001 0.052930099999999855 0.07155746000000002 
20000 0.07147543000000026 0.30774953999999843 0.04726418000000012 0.03221898999999999 0.05255811000000007 0.07133547999999966 
30000 0.07140175999999979 0.3076830133333323 0.04713127333333325 0.03181510666666672 0.052430373333333294 0.07131424666666632 
40000 0.07137313500000012 0.307731254999999 0.04708527500000011 0.03161546500000002 0.052373869999999954 0.07132842 
50000 0.07130155199999977 0.3077208639999987 0.04700577599999996 0.03144350400000002 0.05230571999999994 0.07123665600000001 
60000 0.0713072566666669 0.30774856666666733 0.04699196666666668 0.03136169333333329 0.05229949333333318 0.07123911333333313 
70000 0.07130177142857175 0.3077278257142858 0.04698128857142854 0.031300308571428556 0.05228554857142881 0.07126273999999969 
80000 0.07133686250000014 0.3077552025000008 0.04700025500000001 0.03127617750000007 0.05230251249999991 0.07130469749999997 
90000 0.07126713111111106 0.3077419777777777 0.04694528666666667 0.03120136222222231 0.05223775777777761 0.07122744444444433 
100000 0.071271194 0.3077307100000013 0.04693996400000003 0.03117420399999987 0.05224347399999984 0.07123157000000016 
