10000 0.8034207799999945 0.9672326200000021 0.8034511999999941 0.8034723399999948 0.8033936599999967 0.8034574599999937 
20000 0.8032921699999932 0.9672409199999996 0.8032972199999941 0.803411349999993 0.8033010899999924 0.8033988199999947 
30000 0.8033160066666661 0.967241813333334 0.8033039266666645 0.803310673333335 0.8032931066666695 0.8033123599999974 
40000 0.8032870600000002 0.9672071600000011 0.8032777849999989 0.8033282599999992 0.8032851000000002 0.8033277100000018 
50000 0.8033393200000012 0.9672278919999994 0.8033210239999987 0.8033372319999994 0.8033363479999965 0.8033238879999979 
60000 0.8032802166666677 0.9672177866666699 0.803297319999997 0.8033267299999982 0.8032820400000011 0.803311773333335 
70000 0.8032958171428586 0.9672136085714268 0.803305362857144 0.8033100971428563 0.8032990885714293 0.803325825714286 
80000 0.8033133150000018 0.9672185225000043 0.8033364550000044 0.8033001750000022 0.8033187699999992 0.8033132600000028 
90000 0.803263973333334 0.9672136688888864 0.8032742800000022 0.8032787222222247 0.8032795155555575 0.8033014200000015 
100000 0.8032571520000008 0.9672143180000032 0.8032561480000004 0.8033029519999998 0.8032671459999985 0.8032466419999974 
