10000 0.8034207799999945 0.9672326200000021 0.8034511999999941 0.8034723399999948 0.8034190599999935 0.8033684799999976 
20000 0.8032921699999932 0.9672409199999996 0.8032972199999941 0.803411349999993 0.8033192899999936 0.8033365599999913 
30000 0.8033160066666661 0.967241813333334 0.8033039266666645 0.803310673333335 0.8033053333333329 0.8033479066666649 
40000 0.8032870600000002 0.9672071600000011 0.8032777849999989 0.8033282599999992 0.8032842150000007 0.8032652150000006 
50000 0.8033393200000012 0.9672278919999994 0.8033210239999987 0.8033372319999994 0.8033276120000021 0.8033667239999971 
60000 0.8032802166666677 0.9672177866666699 0.803297319999997 0.8033267299999982 0.8033056866666686 0.8033037299999973 
70000 0.8032958171428586 0.9672136085714268 0.803305362857144 0.8033100971428563 0.8033179285714303 0.803288465714284 
80000 0.8033133150000018 0.9672185225000043 0.8033364550000044 0.8033001750000022 0.8033350475000011 0.8033448600000037 
90000 0.803263973333334 0.9672136688888864 0.8032742800000022 0.8032787222222247 0.803272215555554 0.8033009066666706 
100000 0.8032571520000008 0.9672143180000032 0.8032561480000004 0.8033029519999998 0.803251986000002 0.803264040000002 
