10000 0.05551616 0.3334323799999996 0.029870419999999905 0.02139677999999999 0.04194795999999998 0.05533825999999999 
20000 0.05531160000000012 0.3333657800000012 0.029620470000000062 0.021114289999999945 0.04176303000000009 0.05528055000000006 
30000 0.0553152533333332 0.3333630666666664 0.029606280000000037 0.02105294000000005 0.041767646666666686 0.055308673333333384 
40000 0.05521251500000012 0.3333558300000022 0.02952601000000003 0.02097705999999998 0.041663445000000174 0.05520954500000007 
50000 0.05515450799999985 0.3333265919999979 0.029480152000000072 0.020936139999999978 0.04161023200000004 0.05513812400000007 
60000 0.055201106666666715 0.3333573066666672 0.02948725000000003 0.020933333333333397 0.04164739666666661 0.05520457666666639 
70000 0.055175722857142825 0.33337833999999933 0.029475408571428593 0.02091357999999992 0.0416262342857144 0.055147774285714345 
80000 0.05518250000000004 0.3333395100000002 0.029467795000000085 0.020906980000000058 0.04162261500000007 0.055188772500000184 
90000 0.05518292666666677 0.3333940577777782 0.029468662222222296 0.020904113333333276 0.04163330888888896 0.05518984888888895 
100000 0.0551516239999999 0.33332979199999996 0.029447963999999938 0.020890233999999976 0.04159141999999993 0.055147781999999985 
