10000 0.01827682000000002 0.33319908000000076 0.008062880000000005 0.005998680000000012 0.01203197999999999 0.018049560000000024 
20000 0.017922099999999892 0.33337223000000094 0.007701529999999998 0.005602999999999982 0.011716369999999997 0.01782556000000003 
30000 0.01781601999999992 0.33329353999999994 0.007572993333333327 0.005466446666666686 0.011611393333333326 0.01776235999999992 
40000 0.017748254999999963 0.33330878500000244 0.007511375000000027 0.005396605000000017 0.011552549999999981 0.017670110000000044 
50000 0.017744764000000003 0.3333155919999982 0.007495876 0.005365527999999983 0.011529804000000013 0.017706072000000052 
60000 0.017704830000000008 0.3333479333333317 0.007463963333333327 0.005335649999999996 0.011504946666666668 0.017681853333333244 
70000 0.01769904000000001 0.33333409714285767 0.007446442857142857 0.005318654285714298 0.011491497142857162 0.017663179999999955 
80000 0.017713409999999964 0.3333478200000001 0.007448984999999986 0.00531182499999999 0.01148428999999999 0.017676912499999944 
90000 0.0176834288888889 0.33333247777777886 0.007431271111111097 0.005296955555555559 0.011482248888888859 0.017676273333333326 
100000 0.017694417999999962 0.33333154599999987 0.007424387999999984 0.005287299999999995 0.01147350200000001 0.017665972000000044 
