10000 0.8095866399999966 0.9047445199999982 0.8095842799999983 0.8095849399999978 0.8095668999999969 0.8095140399999935 
20000 0.809549769999996 0.9047221899999964 0.8095600299999988 0.8095245999999966 0.8095132399999961 0.8095361299999961 
30000 0.809554993333332 0.9047519599999996 0.8095279133333333 0.809484766666668 0.8095593933333336 0.8095503733333327 
40000 0.8095200850000019 0.9047354350000042 0.8095175950000024 0.8095276900000006 0.8095015400000023 0.809509725000002 
50000 0.8095655360000019 0.9047263959999942 0.8095629360000044 0.8095225560000038 0.8095781640000047 0.8095979360000015 
60000 0.8095295066666703 0.9047859900000045 0.8095132866666687 0.8095137333333327 0.8095428366666663 0.8095156799999996 
70000 0.8095265171428567 0.9047560428571417 0.8095310142857156 0.8095508285714313 0.8095680371428623 0.8095594828571444 
80000 0.8095136750000035 0.9047643650000012 0.8095139975000031 0.8095188924999994 0.8095218700000021 0.8095167350000031 
90000 0.8095429711111158 0.9047801222222194 0.8095464844444444 0.8095369933333337 0.80955186 0.8095561555555553 
100000 0.8095183559999994 0.9047615040000055 0.8095110839999997 0.8095143520000031 0.8095283340000003 0.8095346500000025 
