10000 0.16151075999999998 0.3333298200000007 0.11663198000000004 0.08370718000000012 0.14337310000000003 0.16142332000000018 
20000 0.16130294 0.33322789000000214 0.11643611999999973 0.08346780000000006 0.14308862000000028 0.16126938000000068 
30000 0.16135276666666618 0.33334318000000107 0.1164225400000004 0.08343877333333334 0.1431370866666665 0.16136207333333372 
40000 0.1613362800000005 0.333375175000001 0.11642936999999966 0.08342544499999976 0.1431525950000004 0.16135112499999976 
50000 0.1612932319999998 0.33329351199999835 0.11639728399999998 0.08338994799999999 0.14310148799999994 0.16128548799999978 
60000 0.16134898666666694 0.33335509999999946 0.11641881333333351 0.08339188333333336 0.1431254433333336 0.16132684999999944 
70000 0.16129517142857197 0.33334163714285764 0.11635592285714255 0.08336175999999977 0.14308803714285734 0.16125262571428609 
80000 0.1613218124999993 0.33334766499999985 0.11639028999999973 0.08337371750000035 0.14311156250000068 0.16132591250000025 
90000 0.16134134888888915 0.33335510888888864 0.11641671777777772 0.08338889333333306 0.14311197111111085 0.16133992888888965 
100000 0.16127390599999972 0.33331473600000017 0.11637421199999941 0.08335139999999987 0.14306895399999991 0.16130396999999994 
