10000 0.002568840000000005 0.3333707000000013 0.0015391599999999676 0.0014745999999999711 0.0017859599999999877 0.002250980000000009 
20000 0.0020967299999999447 0.3332600100000007 0.0010019099999999926 0.0009101999999999844 0.001303929999999999 0.0019291299999999957 
30000 0.0019232533333332928 0.33338995333333354 0.0008178733333333356 0.000715193333333335 0.0011340133333333344 0.0017943333333333322 
40000 0.00184785 0.3333256150000011 0.0007325950000000023 0.0006200900000000026 0.0010518999999999945 0.0017533700000000084 
50000 0.0017948079999999908 0.3333110199999984 0.0006760279999999983 0.0005604160000000006 0.0010002919999999985 0.0017163039999999986 
60000 0.0017597666666666722 0.333352886666666 0.0006394066666666655 0.0005211533333333315 0.0009694433333333324 0.001691959999999991 
70000 0.0017323828571428727 0.3333634342857148 0.0006128800000000008 0.0004924999999999948 0.0009406485714285738 0.0016733200000000003 
80000 0.0017225275000000092 0.3332762100000003 0.0005972074999999992 0.0004740874999999979 0.0009296375000000007 0.001661884999999997 
90000 0.00170364000000001 0.33334421777777673 0.0005799066666666645 0.00045642888888888994 0.0009134933333333312 0.0016629911111111127 
100000 0.0016943360000000129 0.33332975599999976 0.0005685159999999986 0.00044386599999999936 0.000903577999999999 0.0016507559999999985 
