10000 0.5097387200000013 0.7665086199999998 0.45094453999999967 0.33007892000000066 0.4677057000000015 0.5096448000000021 
20000 0.5095233900000024 0.7664686899999978 0.45064369000000015 0.328017639999999 0.46742196999999924 0.5095220600000031 
30000 0.5094159333333332 0.7664985066666661 0.4505064599999991 0.32704670666666597 0.4672314066666685 0.509364986666667 
40000 0.5093469649999983 0.766405539999998 0.45041338999999897 0.3266680999999993 0.46714956500000016 0.5092932699999977 
50000 0.5094191839999996 0.7665014920000002 0.45054511200000025 0.3265301840000012 0.4673380559999995 0.5094470599999997 
60000 0.5093984766666669 0.766468873333332 0.450469533333333 0.32634443666666785 0.46726448333333304 0.5093839800000015 
70000 0.509351780000001 0.7664819485714314 0.45043996857142776 0.32621589142857044 0.46723254857142704 0.5093261399999999 
80000 0.5093908625000001 0.7664854999999983 0.45047604250000123 0.3261286200000012 0.4672678650000009 0.5093894049999992 
90000 0.5093759755555574 0.7664638866666661 0.4504487377777788 0.32601952888888874 0.4672056066666665 0.5093422711111105 
100000 0.5094021500000001 0.7664809780000006 0.45048484199999983 0.32596648799999944 0.46724586200000107 0.5093831820000003 
