10000 0.8026877999999943 0.9753051599999986 0.8026474999999956 0.8025770599999944 0.8026831199999921 0.8027148599999911 
20000 0.8025705899999904 0.9753232600000064 0.8025757999999938 0.8024814099999956 0.8025863599999926 0.8026078199999949 
30000 0.8024750999999993 0.9752873600000012 0.8024780733333349 0.802464660000001 0.8024818000000025 0.8024721066666662 
40000 0.8025189049999999 0.975294875000001 0.8025206949999986 0.8024942349999997 0.8025082550000011 0.8024863499999979 
50000 0.8025142559999969 0.9753027360000008 0.8025040439999966 0.8024825279999999 0.8025099719999982 0.8025155759999969 
60000 0.8025246566666672 0.9753098366666695 0.8025345600000003 0.8025077466666646 0.8025169966666642 0.8025306599999978 
70000 0.8025270628571433 0.9753022685714263 0.802529454285714 0.8025121314285725 0.802509942857143 0.8025014171428584 
80000 0.8025052449999985 0.9753077450000012 0.8025045100000011 0.8024686475000015 0.8024989025000004 0.802494335000002 
90000 0.8024721355555524 0.9753082622222224 0.8024851266666652 0.8024611444444439 0.8024863955555579 0.8024824933333324 
100000 0.8024815400000014 0.9752935860000008 0.8024749619999973 0.802463363999999 0.8024779940000021 0.8024601679999986 
