Paging_Uniform
6
LRU FIFO LFU MARK_LRU MARK_FC RM 
1
Uni 
30 
3000 2392 2393 2397 2392 2397 2396 
3500 2787 2790 2787 2787 2785 2788 
4000 3200 3204 3208 3200 3198 3200 
4500 3600 3602 3596 3600 3605 3600 
5000 3989 3993 4004 3989 3993 3987 
5500 4394 4396 4392 4394 4396 4397 
6000 4802 4801 4803 4802 4798 4803 
6500 5210 5210 5210 5210 5203 5204 
7000 5587 5590 5614 5587 5593 5594 
7500 6006 6005 6002 6006 6014 6008 
8000 6406 6402 6408 6406 6396 6401 
8500 6805 6806 6811 6805 6815 6814 
9000 7225 7221 7204 7225 7226 7226 
9500 7612 7613 7596 7612 7602 7606 
10000 7988 7982 7995 7988 7986 7986 
10500 8413 8415 8395 8413 8413 8415 
11000 8799 8800 8802 8799 8794 8798 
11500 9211 9214 9203 9211 9216 9213 
12000 9594 9592 9599 9594 9596 9594 
12500 10002 10004 10019 10002 10004 10004 
