10000 0.5006411599999988 0.7726543199999921 0.4411894400000001 0.3229324800000011 0.4574842800000017 0.5005233799999993 
20000 0.5004943100000002 0.7727385499999953 0.4409858800000021 0.32066658 0.4573222399999989 0.5004483099999999 
30000 0.5003631133333346 0.7727070066666663 0.4408804000000012 0.31978363333333365 0.4571567466666662 0.5003180866666662 
40000 0.5003040699999999 0.77272216 0.44078672000000135 0.31931097499999966 0.4570811600000012 0.5002699150000002 
50000 0.5003533679999975 0.7727016440000025 0.4408084719999994 0.31901606799999904 0.45711926799999864 0.5002900720000001 
60000 0.5003082833333332 0.7726877533333333 0.44078057333333454 0.31886953000000057 0.45706782666666684 0.5002878699999999 
70000 0.500298391428572 0.772690814285712 0.4407740342857145 0.3187267257142851 0.4570739514285714 0.5002953914285704 
80000 0.5003309324999984 0.7727211449999997 0.4407894450000006 0.3186256474999997 0.4570789800000008 0.5003257125000008 
90000 0.5002910911111099 0.772688199999998 0.44075378888888783 0.31850536666666657 0.4570398444444444 0.5002862844444448 
100000 0.500336528 0.7727057719999996 0.44078717800000056 0.3184749760000002 0.4570753780000006 0.5002986480000006 
