10000 0.10879001999999999 0.30359663999999875 0.0744195000000001 0.05144563999999984 0.08404444000000025 0.10863979999999993 
20000 0.1085257700000004 0.30366587000000106 0.07408231999999998 0.05062905999999989 0.08377462999999984 0.10845409000000011 
30000 0.108470266666667 0.30363153333333365 0.07398960000000002 0.05032995333333346 0.08367349999999989 0.10840317333333327 
40000 0.10846974999999975 0.30364236500000147 0.07397035999999996 0.05021439500000013 0.083674275 0.10843818000000001 
50000 0.10837897999999992 0.30361196400000207 0.07389433600000005 0.05010886799999992 0.08360706400000018 0.10838669199999991 
60000 0.1083609266666666 0.30360347666666726 0.07389130666666689 0.05005199333333341 0.08359120666666674 0.10835743333333316 
70000 0.10837834000000016 0.3036389542857141 0.07388802857142877 0.050011768571428535 0.08358326571428566 0.10836947999999981 
80000 0.1083296924999999 0.30358036750000067 0.07383689500000018 0.049960814999999964 0.08353043749999983 0.10831820249999985 
90000 0.1083772444444446 0.30360476666666636 0.07387703555555578 0.04996281555555544 0.08359030000000017 0.10835462222222197 
100000 0.1083603700000005 0.3036472599999992 0.07385947600000015 0.04993063800000014 0.08356368600000016 0.10835230400000005 
