10000 0.06456172000000002 0.308466799999999 0.04275169999999999 0.030178759999999884 0.047221180000000036 0.06425246000000011 
20000 0.06424820000000031 0.30844040999999867 0.04226226000000005 0.028942539999999975 0.046784550000000154 0.06409054999999991 
30000 0.06410445333333342 0.3084616466666658 0.04207151333333336 0.028449686666666803 0.04661987333333331 0.0640273066666665 
40000 0.06409024499999977 0.30854701499999865 0.04202557500000015 0.02821159499999997 0.04658739500000003 0.06405423999999998 
50000 0.06402022399999996 0.30847237999999755 0.041946539999999935 0.028056760000000035 0.046500932000000064 0.06396465600000015 
60000 0.06402687999999991 0.30849396333333257 0.04194102000000005 0.02796851666666654 0.04649283333333335 0.06399288999999982 
70000 0.06400157142857144 0.3084765228571425 0.04190779428571425 0.02788675999999998 0.04645954000000018 0.06396603142857155 
80000 0.06397179500000011 0.3085262750000007 0.04187275250000003 0.027817752500000154 0.04643268749999986 0.06392932999999999 
90000 0.06399631999999979 0.30851582000000005 0.041883368888888925 0.02779183999999996 0.04644428888888877 0.06396317777777805 
100000 0.06398454600000016 0.30849299799999985 0.041878029999999934 0.027752707999999897 0.04643235200000002 0.06394173199999995 
