10000 0.10869920000000009 0.30363981999999934 0.0743316599999997 0.0513965199999999 0.08398302000000026 0.1086065200000001 
20000 0.10852328000000018 0.3037082000000013 0.07410286999999982 0.0506307699999998 0.0837685100000001 0.10844301999999996 
30000 0.10845149333333351 0.3036250133333331 0.07398802000000007 0.05034826666666667 0.0836856666666667 0.10839199333333308 
40000 0.10840347499999999 0.3035455649999994 0.07391835000000012 0.05018350999999998 0.08362106000000016 0.1083860199999997 
50000 0.10840648400000047 0.30363766000000203 0.07392807200000029 0.05010933999999997 0.08362047200000003 0.10836443599999986 
60000 0.10841481333333353 0.3036568400000009 0.07390511999999999 0.05006748666666677 0.08360468333333337 0.10837316666666633 
70000 0.10838382857142888 0.3036363342857143 0.07389078571428573 0.05001561428571434 0.08358634285714249 0.10835965999999972 
80000 0.10838954249999992 0.3036180474999996 0.07389151249999967 0.04998818499999999 0.08359554000000012 0.10838630249999975 
90000 0.10840871111111099 0.3036618066666665 0.07390059111111136 0.04997830888888911 0.08360962444444456 0.10839749999999972 
100000 0.10835337800000025 0.30363780200000057 0.07384315999999998 0.049924121999999946 0.08355116999999991 0.10834058800000006 
