10000 0.006190419999999997 0.33337968000000107 0.0027204799999999986 0.002276619999999999 0.003843339999999992 0.005921099999999986 
20000 0.005757119999999977 0.33337396000000047 0.00227057999999999 0.0017853299999999886 0.0034345400000000068 0.005621469999999992 
30000 0.005663260000000003 0.33332850000000036 0.0021312400000000013 0.0016293866666666546 0.003317313333333323 0.0055537266666666665 
40000 0.005594544999999998 0.33333476000000134 0.0020607949999999924 0.001547535 0.0032567000000000086 0.005514149999999995 
50000 0.005535691999999996 0.33332574399999876 0.0020119319999999897 0.001495912000000001 0.0032039199999999973 0.0054756719999999905 
60000 0.005510500000000004 0.3333382433333338 0.001985119999999999 0.0014650733333333313 0.0031826699999999977 0.005450513333333325 
70000 0.005488794285714281 0.3333339599999984 0.001964771428571434 0.001441274285714279 0.0031646314285714407 0.005444134285714304 
80000 0.005492865000000003 0.33333751249999993 0.0019547324999999996 0.001427474999999993 0.0031622050000000026 0.005456812499999991 
90000 0.005459862222222226 0.3333246288888893 0.0019320311111111117 0.0014083466666666687 0.0031367422222222225 0.005432193333333345 
100000 0.005457511999999996 0.33334778800000037 0.0019262159999999951 0.0013998820000000072 0.003131252000000006 0.005418045999999994 
