10000 0.22640510000000014 0.28699167999999925 0.1733419599999999 0.12781328000000036 0.20156852000000008 0.22638558000000011 
20000 0.2263741800000009 0.2870196800000011 0.17329346999999948 0.1276427500000002 0.2016056500000004 0.22632997000000019 
30000 0.22632382666666664 0.287022646666667 0.17322092666666608 0.12754758666666646 0.201526273333333 0.22629867999999925 
40000 0.22636355 0.2870199300000015 0.17325884500000086 0.12753485500000034 0.2015788699999994 0.22633934999999974 
50000 0.22628877600000072 0.28701141999999946 0.17322996399999938 0.1275298079999998 0.20153591600000106 0.2262963280000005 
60000 0.22635139333333215 0.28705185999999905 0.17324059666666664 0.1275173766666668 0.20156708000000156 0.22634859333333207 
70000 0.2262998514285724 0.28704466000000045 0.17321604285714398 0.12750257142857174 0.20153249714285676 0.2263110114285725 
80000 0.22629267000000017 0.2870208350000003 0.17318913250000065 0.12747873250000036 0.2015234349999985 0.2263146500000007 
90000 0.22628436888888867 0.2870146911111112 0.17319800888888803 0.12747463111111165 0.2015287466666663 0.22626632444444464 
100000 0.2263144400000003 0.28704214399999944 0.1732209559999996 0.12748037000000043 0.20153512400000015 0.22633231600000053 
