10000 0.006223600000000011 0.33336434000000015 0.0027340799999999972 0.0022856599999999984 0.0038564199999999993 0.005944419999999985 
20000 0.005779239999999974 0.3333516100000005 0.002273899999999985 0.0017890199999999873 0.0034409100000000067 0.0056312499999999835 
30000 0.005631446666666686 0.33336066000000025 0.0021205333333333314 0.0016226266666666581 0.0033028199999999798 0.0055350000000000095 
40000 0.005579695000000008 0.33332874000000307 0.0020607799999999947 0.0015461400000000036 0.0032471700000000197 0.005513869999999981 
50000 0.005554923999999993 0.33339278799999805 0.0020196279999999856 0.0015038519999999997 0.0032169119999999976 0.005493652000000002 
60000 0.005512606666666669 0.33334773333333406 0.0019840133333333277 0.0014650399999999975 0.0031838066666666663 0.005454283333333341 
70000 0.005494865714285729 0.3333539542857137 0.0019646828571428594 0.0014413999999999892 0.003164428571428574 0.005442005714285695 
80000 0.005484694999999993 0.333328035 0.0019501975000000033 0.0014254475000000004 0.0031515999999999923 0.00544731249999998 
90000 0.005462808888888915 0.3333064066666671 0.001935864444444447 0.0014110844444444471 0.0031387977777777875 0.0054428711111111205 
100000 0.005457034000000002 0.3333241000000001 0.0019250959999999983 0.0013998440000000014 0.003130572000000002 0.005428460000000001 
