10000 0.07183821999999997 0.30778344000000124 0.04774509999999999 0.03339646000000006 0.05298633999999986 0.07157159999999985 
20000 0.07147677999999992 0.3077697399999985 0.04725084 0.0322018199999999 0.052528059999999974 0.07135905999999975 
30000 0.07146218666666654 0.30776970666666537 0.04719459333333326 0.03184083333333333 0.052502606666666764 0.07143743999999977 
40000 0.07134969500000013 0.30775581999999824 0.047059965000000245 0.03159514999999999 0.05237782000000002 0.0712927049999999 
50000 0.07133463600000013 0.3077451799999987 0.04703513599999999 0.03146003600000012 0.05232494 0.07128632000000024 
60000 0.07132734666666674 0.3077614866666663 0.047015536666666656 0.03137593333333342 0.05231432999999984 0.07129187666666673 
70000 0.07130623999999994 0.30772911142857207 0.04700351428571432 0.03131792285714282 0.05229327142857123 0.0712991971428572 
80000 0.07127030500000006 0.3076955425000001 0.04695242250000014 0.03124113499999997 0.052248285 0.07122014250000026 
90000 0.07128030888888878 0.307728586666666 0.04696263333333344 0.03120781555555559 0.05226076222222237 0.07126513555555541 
100000 0.07127804599999987 0.30771192599999986 0.04694403200000003 0.031177257999999937 0.052257543999999954 0.07125362399999993 
