10000 0.5098633600000019 0.7665341400000001 0.45105452000000107 0.33027965999999964 0.4677506599999999 0.5097609000000022 
20000 0.5094468700000007 0.7664194899999961 0.4505857199999996 0.32791548999999953 0.46734193000000096 0.509372790000002 
30000 0.5094547800000002 0.7664525866666678 0.4505555266666649 0.3272052199999987 0.46732087333333394 0.5094011266666669 
40000 0.5094206400000003 0.7665037999999978 0.450509989999999 0.3267574800000003 0.467299929999999 0.5093708050000006 
50000 0.5093547640000019 0.7664528399999988 0.4504408320000003 0.3264954880000004 0.4672344360000001 0.5093531319999997 
60000 0.509415516666666 0.7664842466666671 0.45050098333333394 0.32636718666666753 0.46725372000000004 0.5094446599999998 
70000 0.5093586914285717 0.7664457799999985 0.45044175999999986 0.3261963057142851 0.46723354571428677 0.5093512228571424 
80000 0.5093828600000009 0.7664885074999971 0.4504532900000014 0.326121257499999 0.4672306849999999 0.5093434824999998 
90000 0.5094018311111103 0.7664701333333307 0.4504726244444438 0.32606060888888866 0.4672393977777771 0.5094001377777796 
100000 0.5093617840000007 0.766493739999999 0.4504413459999994 0.32596539599999996 0.4672130740000007 0.5093860859999995 
