10000 0.16627200000000023 0.296294700000001 0.1199311399999999 0.0847821400000001 0.13816829999999977 0.16620385999999948 
20000 0.16617711999999996 0.2963619099999999 0.11983668000000011 0.08439323000000001 0.1380452099999998 0.16615457000000017 
30000 0.16615733333333332 0.29632614666666723 0.11980233999999991 0.08426420666666654 0.1380072733333332 0.16611013999999982 
40000 0.166072715 0.2962886449999999 0.1197206850000002 0.08414031999999981 0.13795874999999977 0.16604925500000012 
50000 0.1660266119999999 0.296277259999998 0.11966988800000021 0.08409391599999995 0.1379088560000005 0.16598489599999997 
60000 0.16603692333333314 0.29626381000000146 0.11968501666666646 0.08408681666666705 0.13791208999999996 0.16602157333333256 
70000 0.1660970371428566 0.2963320457142866 0.11971641428571425 0.08408475999999962 0.1379711399999996 0.16607448285714252 
80000 0.16607836250000046 0.2963276250000002 0.11970403000000052 0.08406497499999993 0.13793891999999952 0.16606179250000042 
90000 0.16608669111111088 0.29633919555555527 0.11970537333333371 0.08405767333333383 0.13796641777777727 0.16609837111111084 
100000 0.16608870599999997 0.2963159479999986 0.11970110400000027 0.08404672400000034 0.1379480260000005 0.16609004199999972 
