10000 0.8022207799999947 0.9780083799999971 0.8022440999999938 0.802251619999996 0.8022733599999957 0.8022600799999937 
20000 0.8021879699999941 0.9780401200000035 0.8021530899999934 0.8023273199999901 0.8021883999999941 0.8022285499999945 
30000 0.8022859733333336 0.9780330600000031 0.8022814333333352 0.8022403800000013 0.8023104666666648 0.8022530933333348 
40000 0.802235199999997 0.978030875000001 0.8022474449999991 0.8022363750000018 0.8022320549999982 0.8022186549999993 
50000 0.8022070360000007 0.9780104719999969 0.8021999359999986 0.8022609119999975 0.8022263239999959 0.8022600199999985 
60000 0.8022526600000037 0.9780157033333354 0.8022475933333326 0.8022288400000004 0.8022528566666697 0.8022430799999969 
70000 0.8021982542857177 0.9780269542857137 0.802212591428572 0.8021824742857147 0.8022098714285726 0.8022413914285743 
80000 0.8022412775000004 0.9780191 0.8022355575000004 0.8022080699999987 0.802231277499999 0.8021880224999994 
90000 0.8022097622222222 0.9780151866666675 0.8022182288888888 0.8021795066666675 0.8022048511111063 0.8022152288888854 
100000 0.8022355339999986 0.9780248620000034 0.8022228939999982 0.8022300560000005 0.8022366780000019 0.802202558 
