10000 0.5471683999999982 0.7380627999999962 0.4936403599999986 0.36280642000000096 0.5117272000000023 0.5471053199999995 
20000 0.5469644100000012 0.7379682899999966 0.49336264999999857 0.3613982600000009 0.5115207400000022 0.5469724000000008 
30000 0.5470605600000037 0.7380187599999987 0.49345687999999643 0.3609208933333353 0.5115602666666649 0.5470094000000041 
40000 0.5469836449999997 0.7380154099999997 0.4934350649999993 0.36068403500000085 0.5115324749999993 0.5469837949999992 
50000 0.5470397240000012 0.7380114240000007 0.49345598000000035 0.360540939999999 0.5115621080000006 0.5470195600000001 
60000 0.5470286466666671 0.7380341133333334 0.49344109333333297 0.3604426033333315 0.511559876666667 0.5470456833333337 
70000 0.5470366257142849 0.7380399428571408 0.4934470971428568 0.36038419714285724 0.5115716171428565 0.5470093371428582 
80000 0.5470109250000001 0.7380632674999996 0.49339913249999945 0.3602910574999995 0.5115207849999998 0.5469853549999996 
90000 0.5470124444444461 0.7380141600000003 0.4934212644444441 0.36025872444444584 0.5115205644444462 0.5469692733333335 
100000 0.5470346140000006 0.7380623679999998 0.4934404300000007 0.36022224600000075 0.5115474980000024 0.5470422660000004 
