10000 0.5654165200000006 0.7220886200000014 0.5162129199999995 0.38131158000000004 0.5344196000000008 0.5654482400000022 
20000 0.5654732000000028 0.7220720200000055 0.5161817500000003 0.38019294000000187 0.5344295900000037 0.5654963500000028 
30000 0.5654196066666689 0.7221125199999997 0.5161296333333307 0.37979383333333716 0.5343593666666645 0.5653710333333345 
40000 0.5654098200000012 0.7220698799999972 0.5161305349999994 0.3795745850000022 0.534316260000001 0.5653641500000003 
50000 0.5652890040000004 0.7220374759999991 0.5160269320000013 0.3793796720000001 0.5342681320000018 0.565272788 
60000 0.5653987900000007 0.7221199833333327 0.5161196700000005 0.37936822333333425 0.5343369433333314 0.5654156933333336 
70000 0.565348965714287 0.7220589200000013 0.5160616114285718 0.37930685714285617 0.5343077685714289 0.5653658200000006 
80000 0.565299255 0.7220043899999986 0.5160083574999977 0.37922060500000043 0.5342387949999988 0.5653315800000009 
90000 0.565385095555555 0.7220353844444466 0.516085764444445 0.3792434444444435 0.5343217888888869 0.5653766955555566 
100000 0.5653292020000007 0.7220483759999977 0.5160545739999999 0.37917884000000013 0.5342919319999988 0.5653553680000007 
