10000 0.018251419999999977 0.3333567400000001 0.008046439999999978 0.0059988400000000035 0.012034780000000005 0.018069420000000024 
20000 0.017926669999999915 0.3333564400000008 0.007687190000000016 0.005595079999999975 0.01171254999999998 0.01785626000000001 
30000 0.017820933333333244 0.33333467333333433 0.007573106666666657 0.005467866666666685 0.011610993333333344 0.017738373333333307 
40000 0.01776753999999995 0.3333350600000018 0.0075211349999999766 0.005402290000000007 0.011562114999999986 0.017704729999999978 
50000 0.017730311999999956 0.33334207199999905 0.007491027999999974 0.005364539999999999 0.011528224000000009 0.01768408800000003 
60000 0.01771395666666663 0.33333019666666636 0.007464783333333322 0.005334446666666655 0.011514743333333324 0.017673109999999954 
70000 0.017701285714285704 0.3333066714285712 0.007448948571428532 0.00531635714285713 0.011490771428571467 0.01767941714285713 
80000 0.017677244999999998 0.3334009574999993 0.007433115000000002 0.0053028974999999945 0.011482952499999978 0.017670704999999984 
90000 0.017683082222222223 0.33333209777777745 0.007431011111111112 0.005294428888888881 0.011477973333333348 0.017650960000000094 
100000 0.017677458000000056 0.3333406539999991 0.007418333999999994 0.0052841040000000065 0.011467168000000008 0.017675038000000073 
