10000 0.22630906000000017 0.28689786000000017 0.17328422000000065 0.1277619000000001 0.20156559999999912 0.22628212000000034 
20000 0.22638902999999982 0.2870591100000007 0.17327740000000016 0.1276535499999999 0.20162876999999996 0.22637253999999976 
30000 0.22637398000000009 0.287020726666666 0.1732738600000003 0.12757717333333304 0.20160001333333374 0.2263548933333326 
40000 0.22639141499999996 0.2870309500000015 0.17330183000000007 0.1275852500000003 0.20161167999999985 0.22638884500000053 
50000 0.2263528080000009 0.28704089599999877 0.1732612759999996 0.12754223600000084 0.20160288400000023 0.2263459120000008 
60000 0.2263008166666659 0.2870377899999996 0.17322147333333263 0.1274944166666671 0.2015316533333342 0.2263357499999991 
70000 0.22627440571428672 0.2870256628571427 0.1732152171428576 0.12746955142857186 0.20150396571428547 0.22626922857142925 
80000 0.22629515500000003 0.2870256649999998 0.173199112500001 0.12749034750000027 0.20154528999999974 0.2262913374999994 
90000 0.22629862666666667 0.2870313333333334 0.17321604444444424 0.12748754444444535 0.20155254888888893 0.22631592444444398 
100000 0.22630250200000093 0.28699952600000006 0.17320696199999885 0.12747199000000062 0.2015268020000004 0.22628711399999946 
