10000 0.0025755799999999988 0.33325088000000075 0.0015405599999999684 0.0014788399999999691 0.001788539999999979 0.0022470800000000033 
20000 0.002081379999999943 0.3333459800000008 0.000997959999999995 0.0009066699999999838 0.0012922800000000029 0.0019111800000000013 
30000 0.0019332199999999562 0.33343312666666725 0.0008231200000000011 0.0007174466666666686 0.001134193333333332 0.0018052466666666584 
40000 0.0018331900000000026 0.3333163800000019 0.0007262250000000018 0.0006163900000000043 0.0010469349999999973 0.0017414249999999957 
50000 0.0017965319999999918 0.3333025679999981 0.0006771559999999974 0.0005615160000000018 0.0010041999999999996 0.0017178479999999953 
60000 0.0017583266666666721 0.33335123000000016 0.0006382799999999993 0.00052123 0.0009659366666666655 0.0016960833333333235 
70000 0.0017348428571428707 0.3333592028571422 0.0006156514285714236 0.0004938657142857114 0.0009436142857142879 0.001681285714285713 
80000 0.001715707500000017 0.3333352450000008 0.0005942174999999979 0.0004730574999999972 0.0009262874999999994 0.0016685775000000018 
90000 0.0017105822222222382 0.3333732377777773 0.0005823199999999997 0.00045737333333333306 0.0009154733333333334 0.0016641222222222214 
100000 0.0016878420000000032 0.3333493660000006 0.0005656539999999996 0.0004421880000000004 0.0008996959999999958 0.0016525120000000044 
