10000 0.8049756399999934 0.9512399800000118 0.8049618399999958 0.8048834399999909 0.8050080799999956 0.8049856999999957 
20000 0.8049726599999933 0.951231400000005 0.8049793799999924 0.8049452899999944 0.804989569999995 0.8049197999999921 
30000 0.8048858266666666 0.9511986466666661 0.8049079799999962 0.804887226666663 0.8049063733333304 0.8049560933333334 
40000 0.8048914850000004 0.9512104900000037 0.8049081500000003 0.8049149849999994 0.8049150049999992 0.804936575000001 
50000 0.8049091799999999 0.9512407079999996 0.8049246799999987 0.8049104399999978 0.8049479719999982 0.8048970479999958 
60000 0.8048924899999975 0.9512378399999945 0.8049003033333323 0.8049170999999956 0.8048998133333308 0.8048934733333306 
70000 0.8049012857142841 0.9512243000000017 0.8048932885714254 0.8049194542857142 0.8048991400000012 0.8048943828571452 
80000 0.8048895674999977 0.951216832500001 0.8048905325000015 0.8048664899999995 0.8048986675000008 0.8048730300000009 
90000 0.8048839377777752 0.9512128511111124 0.8048923466666663 0.8048947111111106 0.8048946266666686 0.8048955288888882 
100000 0.8048679760000019 0.9512156799999968 0.804848932000001 0.8048999460000036 0.8048550059999984 0.8048703959999997 
