10000 0.5324522999999999 0.749890939999999 0.4762544399999998 0.34929102000000006 0.4940049399999988 0.5323357400000004 
20000 0.5323251700000012 0.7498836200000024 0.47613318000000043 0.34762290000000223 0.49382861999999794 0.5322805400000002 
30000 0.5322209666666652 0.7498116266666672 0.47599371999999757 0.3469776399999988 0.4937079133333299 0.5321796333333335 
40000 0.5322107850000006 0.7498429449999995 0.47596599500000036 0.3466552750000014 0.4937036599999992 0.5321326650000008 
50000 0.5322237720000006 0.7498275079999996 0.4759908800000002 0.34649550799999873 0.49371816799999935 0.5322286679999998 
60000 0.5321889399999994 0.7498367233333323 0.4759251000000014 0.34631427333333337 0.4936996699999997 0.5321733933333348 
70000 0.5322063457142856 0.7498558400000008 0.4759485514285703 0.3462666028571431 0.4937117971428565 0.532202074285715 
80000 0.5321595124999993 0.7498317599999991 0.4759160424999988 0.3461551199999989 0.4936526999999977 0.5321893425000012 
90000 0.5321857666666668 0.7498319199999995 0.4759409822222231 0.3461379822222206 0.49368224444444453 0.5321892955555553 
100000 0.5321756419999989 0.7498015799999999 0.47592727199999996 0.34605865400000024 0.4936647060000003 0.5321812320000008 
