10000 0.5324775199999972 0.7498717799999975 0.4762903600000015 0.34927695999999997 0.49402797999999964 0.5324402800000029 
20000 0.5323588199999998 0.7498109899999983 0.4761311500000027 0.34760754000000166 0.4938543499999989 0.5322292100000016 
30000 0.53220474 0.749885699999998 0.4760067066666653 0.34704383999999866 0.49372338666666304 0.5322210133333324 
40000 0.5322106799999999 0.7498559400000013 0.4759557849999993 0.3467014400000024 0.49369712499999957 0.5322170599999974 
50000 0.532237528000002 0.749846963999999 0.47601628800000007 0.3465093719999985 0.493761536000001 0.5322600160000012 
60000 0.5322496633333342 0.7497846933333331 0.4760014966666663 0.34638707666666596 0.49375854666666724 0.5322260133333339 
70000 0.5322084799999987 0.7498504457142858 0.47595891428571296 0.34625920285714135 0.4937050799999993 0.5322056542857148 
80000 0.5321470974999998 0.7498334574999992 0.47593104500000155 0.3461905749999988 0.4936636999999993 0.5321675999999993 
90000 0.5321779844444456 0.7498052577777777 0.4759086555555559 0.346109624444444 0.4936541155555562 0.5321614 
100000 0.5321537160000004 0.7498152719999994 0.47590632999999927 0.346051095999999 0.4936519100000009 0.5321738959999993 
