Paging
1
RM 
5
Uni Geo Hrm Dhr 
30 
3000 2397 20 1232 88 
3500 2789 20 1454 105 
4000 3189 20 1676 117 
4500 3598 20 1877 131 
5000 4002 20 2075 146 
5500 4406 20 2305 160 
6000 4801 20 2504 170 
6500 5204 20 2694 191 
7000 5601 20 2905 191 
7500 6008 20 3118 208 
8000 6420 20 3336 225 
8500 6803 20 3539 240 
9000 7220 20 3763 253 
9500 7608 20 3954 262 
10000 8005 20 4181 287 
10500 8397 20 4380 296 
11000 8820 20 4597 300 
11500 9194 20 4770 322 
12000 9606 20 4984 345 
12500 10010 20 5201 355 
