10000 0.5096047600000023 0.7663408799999984 0.4508652000000003 0.33007920000000024 0.46758545999999834 0.5095960000000004 
20000 0.509513740000002 0.766512870000002 0.45064249000000006 0.3279303500000004 0.4674069099999999 0.5094829100000035 
30000 0.5094123733333352 0.7664926133333307 0.45052185999999805 0.3271675333333329 0.46729091333333544 0.5094025800000014 
40000 0.509443884999999 0.7664788650000012 0.4505240199999979 0.3268116899999998 0.46729096499999867 0.5094128000000006 
50000 0.5094101600000001 0.7664589920000018 0.45050044799999867 0.3264988520000007 0.4672764959999998 0.5093798280000004 
60000 0.5093982133333327 0.7665100466666662 0.4504737399999997 0.32633174333333415 0.46726880333333376 0.5093704999999988 
70000 0.5094218028571416 0.7665005314285708 0.45050595714285746 0.3262415457142856 0.4672580285714283 0.5094222771428571 
80000 0.5094092474999995 0.7664822049999982 0.45050015499999935 0.3261450574999994 0.4672960550000008 0.5094142999999983 
90000 0.5094001933333323 0.7664568644444419 0.45047356444444697 0.3260293444444438 0.46723366222222257 0.5093683622222231 
100000 0.5094327299999993 0.7665122180000011 0.4505011079999996 0.32600072399999974 0.4672664620000001 0.5093962740000013 
