10000 0.6223852199999994 0.6581260000000002 0.5916668799999985 0.45408757999999944 0.6077233000000002 0.6224418399999998 
20000 0.6224918099999968 0.6582496200000001 0.5917119799999984 0.4537966499999993 0.6077505500000042 0.6224119299999977 
30000 0.6224889733333301 0.6582721199999968 0.591699333333335 0.45365406666666297 0.6077545000000025 0.622468839999997 
40000 0.6224820300000031 0.6582526349999981 0.5916751950000004 0.453583295 0.607751379999998 0.6224555999999988 
50000 0.6224341240000019 0.6582112240000002 0.5916507359999998 0.45353241200000033 0.6077177919999998 0.622430568 
60000 0.6224319033333331 0.6582450633333327 0.5916674900000004 0.4535327100000015 0.607738863333333 0.6224481833333341 
70000 0.622515222857145 0.6582697685714283 0.5917067399999993 0.45350948857142903 0.6077676057142863 0.6225078114285735 
80000 0.6224074574999997 0.6582286149999985 0.5916544400000009 0.45348011249999925 0.6077352599999992 0.622421115000002 
90000 0.6224428355555568 0.6582524444444452 0.5916721777777786 0.4534878911111113 0.6077328244444447 0.6224827888888892 
100000 0.6224868240000015 0.658285144 0.5917044119999993 0.4535067580000002 0.6077843400000014 0.6225029779999993 
