10000 0.06451662000000007 0.30858387999999987 0.042688179999999985 0.030156099999999908 0.04716618000000002 0.06422805999999978 
20000 0.06423852999999985 0.3084743899999992 0.04226010000000001 0.028893220000000015 0.04677668999999999 0.06409773999999993 
30000 0.06414163999999996 0.30853061333333237 0.04209441333333329 0.028471206666666735 0.04664156666666651 0.06403983999999993 
40000 0.0640580499999999 0.3084993449999989 0.042008919999999894 0.028209710000000086 0.046548980000000136 0.06396708499999998 
50000 0.06405398000000014 0.30851602399999845 0.04196315599999999 0.028061279999999886 0.04652145999999993 0.06398136000000011 
60000 0.06399805666666665 0.30846534666666686 0.04191429333333329 0.027947566666666673 0.04646691333333326 0.06394089666666665 
70000 0.0639869171428572 0.3084921371428564 0.04188427142857135 0.02787869142857145 0.046451017142857154 0.06394618857142856 
80000 0.06398555000000002 0.3084603474999995 0.04187777500000007 0.027822745000000135 0.04643298249999997 0.0639458625000001 
90000 0.06398115777777764 0.30847634888888903 0.04187003333333327 0.027775975555555492 0.04642984222222208 0.06394726222222202 
100000 0.06396791800000008 0.3084594639999992 0.0418573019999999 0.02774351800000001 0.04642438999999997 0.06395264200000013 
