10000 0.0015209399999999893 0.3333514799999997 0.0013698199999999815 0.0013675399999999826 0.0013905399999999738 0.001417539999999981 
20000 0.001029890000000035 0.3332739800000009 0.0007536099999999978 0.0007466699999999983 0.000800169999999998 0.0008868300000000124 
30000 0.0008464733333333651 0.33337325333333306 0.0005413066666666629 0.0005296066666666613 0.0005998600000000015 0.0007243666666666731 
40000 0.0007538850000000291 0.333356245000002 0.00043473999999999336 0.0004192599999999909 0.000502044999999998 0.0006563850000000016 
50000 0.0006964920000000317 0.3333155159999987 0.00037063599999999304 0.00035315199999999124 0.0004446879999999991 0.0006124800000000029 
60000 0.0006573300000000327 0.3333475299999998 0.0003282599999999965 0.00030794666666665956 0.00040636666666666596 0.0005850733333333329 
70000 0.0006237742857143181 0.33335520000000146 0.000296319999999998 0.0002746885714285665 0.00037423142857142915 0.0005605085714285704 
80000 0.0006047200000000309 0.3333810874999999 0.00027412500000000017 0.000251472499999999 0.0003547650000000004 0.0005470699999999984 
90000 0.0005939777777778069 0.33331566444444494 0.00025792888888888957 0.00023383777777777763 0.00034036666666666744 0.0005469888888888873 
100000 0.0005788040000000283 0.33330950799999975 0.00024289600000000104 0.00021815600000000063 0.00032760199999999975 0.0005318919999999995 
