10000 0.5471916200000009 0.7380383399999944 0.4936720399999978 0.36290337999999944 0.5117305799999995 0.5471607999999998 
20000 0.5471049700000007 0.7380594499999967 0.4935564599999983 0.36150171000000064 0.5116920600000009 0.5470765600000014 
30000 0.5470507600000017 0.7380738733333354 0.49347216666666416 0.36101124000000184 0.5115663333333332 0.547025493333338 
40000 0.5469789700000011 0.738041079999999 0.4933982950000005 0.360665255000002 0.5115054450000008 0.5469894799999975 
50000 0.5470692240000002 0.7380964600000025 0.4934763240000004 0.36058163999999854 0.5115785240000003 0.5470667760000006 
60000 0.5469896833333334 0.73804042666667 0.49341772333333367 0.36042187333333314 0.5115199833333322 0.54698968 
70000 0.5470055428571442 0.7380121600000039 0.49340238571428574 0.3603324114285704 0.5115149657142867 0.5469690428571419 
80000 0.5470139999999986 0.7380299974999974 0.4934092849999999 0.36031068499999935 0.5115153600000002 0.5469448999999992 
90000 0.5470216911111131 0.7380619533333325 0.4934350222222221 0.3602671466666669 0.5115525822222233 0.5470099999999992 
100000 0.5470065419999985 0.738061133999999 0.4934134740000015 0.3602028260000005 0.5115183140000004 0.5470113379999999 
