10000 0.8029260799999924 0.9718027799999948 0.8029238199999948 0.8029919399999946 0.8028940199999944 0.8029319799999959 
20000 0.8028585299999941 0.9718677700000009 0.8028624999999938 0.8029051999999958 0.8028731399999948 0.8028796499999925 
30000 0.8028582533333304 0.9718438333333316 0.8028356266666681 0.8029200066666676 0.8028151933333298 0.8028277199999997 
40000 0.8028890349999996 0.9718440149999946 0.8028834949999976 0.802820664999998 0.802864210000001 0.8028591449999992 
50000 0.8028333199999977 0.971834188000002 0.8028404919999987 0.8028406479999969 0.8028360079999962 0.8028304999999986 
60000 0.8028289499999994 0.9718360999999994 0.8028220333333344 0.8028239766666656 0.8028358566666643 0.8028508433333301 
70000 0.8028558228571405 0.9718274942857164 0.8028628114285714 0.8028131371428611 0.8028623085714294 0.8028328799999987 
80000 0.8028295025000005 0.9718307849999981 0.8028208525000016 0.8028280475000019 0.8028392050000014 0.8028448750000027 
90000 0.8028201644444424 0.9718356866666694 0.8028235288888905 0.8028208622222225 0.8028352022222223 0.8028280000000013 
100000 0.8028164760000005 0.971824634000004 0.8028237919999978 0.8028126739999986 0.8028322540000026 0.8028509020000006 
