UpdateList
6
MTF TRANS FC BIT TS Combination 
1
Geo 
30 
3000 32045 25264 24656 31324 29084 31161 
3500 37098 29268 28423 36211 33627 36090 
4000 42282 33306 32325 41285 38209 41064 
4500 47833 37780 36560 46650 43443 46550 
5000 53080 41789 40516 51670 48015 51572 
5500 58623 46134 44664 57153 53165 57117 
6000 63544 49994 48298 62057 57466 61679 
6500 68700 54062 52219 67035 62176 66768 
7000 74140 58511 56435 72348 67213 72083 
7500 79427 62556 60318 77507 71887 77227 
8000 84787 66813 64359 82782 76748 82343 
8500 90069 71152 68509 88023 81642 87618 
9000 95363 75009 72269 92971 86278 92660 
9500 101016 79413 76465 98598 91428 98096 
10000 106409 83663 80523 103783 96267 103418 
10500 111475 87660 84349 108869 100888 108324 
11000 117311 92302 88728 114565 106331 113946 
11500 122088 96119 92354 119087 110457 118464 
12000 127735 100299 96415 124636 115479 124103 
12500 132153 104125 100111 129072 119883 128524 
