10000 0.018202100000000006 0.3332384799999996 0.008020579999999989 0.0059758799999999985 0.011997939999999973 0.017999620000000084 
20000 0.017986179999999925 0.3333156600000007 0.007719039999999998 0.005621239999999976 0.011745649999999977 0.01789128999999998 
30000 0.017811093333333246 0.3333182733333341 0.007586253333333342 0.005469326666666685 0.011598660000000005 0.017738106666666646 
40000 0.017797554999999986 0.3333246150000029 0.007536489999999995 0.005407580000000024 0.01157545499999999 0.01775170999999993 
50000 0.01774205599999997 0.33340431599999837 0.007487907999999985 0.0053674319999999845 0.011538412000000005 0.01771932799999998 
60000 0.017713256666666635 0.3333041833333338 0.007462689999999992 0.005337063333333334 0.011504893333333358 0.017667296666666672 
70000 0.017689665714285704 0.3333534057142862 0.0074396200000000105 0.005314699999999985 0.011481440000000002 0.017665065714285687 
80000 0.017680532499999985 0.33338910249999915 0.007433964999999996 0.0053040425000000155 0.011483450000000003 0.017655750000000053 
90000 0.017689022222222208 0.33337791333333405 0.007432682222222201 0.005299617777777781 0.01148306888888889 0.017672644444444458 
100000 0.017687429999999973 0.3333327280000004 0.007426239999999997 0.0052920420000000055 0.011486327999999994 0.01768264400000007 
