10000 0.055505800000000126 0.33321740000000116 0.029831000000000062 0.02138359999999997 0.041938080000000044 0.05536826000000001 
20000 0.055299210000000106 0.333366520000001 0.029634570000000082 0.02110817999999996 0.041720640000000156 0.05526034000000002 
30000 0.05523801333333354 0.3334112400000008 0.029565300000000065 0.02102354666666665 0.04171015333333344 0.05521611333333336 
40000 0.05519619500000013 0.333358180000003 0.029513059999999997 0.020966420000000006 0.04165802500000003 0.0551667049999999 
50000 0.05519913200000009 0.33329608399999894 0.029498432000000057 0.020941452000000048 0.04163448399999997 0.0551800560000001 
60000 0.055183550000000234 0.33338042000000034 0.02947134000000002 0.020925410000000054 0.041619346666666494 0.05518680999999997 
70000 0.055174811428571446 0.3333671942857136 0.02947147428571427 0.02091592857142859 0.04161480857142854 0.05516318571428562 
80000 0.055166470000000016 0.33333460249999997 0.029470835000000018 0.020906545000000065 0.041617439999999846 0.05516384000000011 
90000 0.05515543333333355 0.3333229244444438 0.029448573333333283 0.02089389555555559 0.04161140666666664 0.055161148888888865 
100000 0.05517275600000004 0.3333719419999995 0.029465792000000057 0.0208932599999999 0.04161027199999996 0.05518344200000007 
