10000 0.001364259999999986 0.33331634000000115 0.001364259999999986 0.001364259999999986 0.001364259999999986 0.001364259999999986 
20000 0.0007314200000000061 0.33329219000000115 0.0007314200000000061 0.0007314200000000061 0.0007314200000000061 0.0007314200000000061 
30000 0.0005071399999999951 0.3333902933333342 0.0005071399999999951 0.0005071399999999951 0.0005071399999999951 0.0005071399999999951 
40000 0.0003919699999999887 0.33337951000000154 0.00039133999999998857 0.0003913349999999886 0.00039142499999998866 0.0003914699999999886 
50000 0.0003201359999999869 0.333356959999998 0.0003190199999999869 0.0003190239999999869 0.00031916399999998697 0.000319359999999987 
60000 0.00027217333333331913 0.3333298733333321 0.000270049999999986 0.0002700333333333193 0.0002702933333333193 0.000270489999999986 
70000 0.00023790571428570034 0.33339142857142817 0.00023501428571427198 0.00023499999999998628 0.00023533999999998635 0.00023557714285712917 
80000 0.000211789999999987 0.33330104249999937 0.00020763749999998748 0.00020761499999998745 0.00020808999999998763 0.00020872249999998754 
90000 0.00019256444444443223 0.3333180866666671 0.00018666444444443296 0.00018664444444443297 0.00018737333333332203 0.00018810888888887747 
100000 0.00017611999999998912 0.3333225800000001 0.00016947199999999018 0.0001694399999999902 0.0001702279999999905 0.00017117799999999032 
