10000 0.5201647399999987 0.7590465600000058 0.4623426800000001 0.3386563999999994 0.4795427000000009 0.5200213399999986 
20000 0.5199704799999976 0.7590021200000053 0.4621379099999988 0.33680536999999994 0.4793814900000007 0.5200206699999996 
30000 0.5199188133333337 0.7590426466666678 0.4620602266666697 0.33604308000000055 0.4793127866666683 0.5198967000000003 
40000 0.5199761400000018 0.759073695000002 0.4620727849999988 0.33569013999999914 0.47934122500000087 0.5198961 
50000 0.5199247400000004 0.7590399760000007 0.4620435359999986 0.3355029479999984 0.4793212639999997 0.5199276319999998 
60000 0.51989653 0.759003003333334 0.4619908966666662 0.33530506333333404 0.4792655599999996 0.5198932566666695 
70000 0.5199133885714287 0.7590113857142862 0.4620078885714285 0.3352260600000001 0.4792842914285717 0.5198635657142849 
80000 0.5198448674999999 0.7590301574999994 0.46197136250000004 0.33512427499999947 0.4792242174999991 0.5198522124999991 
90000 0.5198819577777785 0.75902169333333 0.46197663111111237 0.3350268066666667 0.47925916222222337 0.5198636933333337 
100000 0.5198775539999995 0.7590490860000024 0.46197343600000007 0.33500873800000075 0.47924877199999893 0.5198607700000003 
