10000 0.001367079999999982 0.3333533200000011 0.001364739999999981 0.001364739999999981 0.0013649199999999817 0.0013651799999999815 
20000 0.0007453400000000074 0.3333166100000015 0.000731170000000005 0.0007311400000000046 0.0007327600000000061 0.0007350500000000067 
30000 0.0005336666666666686 0.33344146000000063 0.0005068066666666645 0.000506553333333331 0.0005100200000000005 0.0005142533333333339 
40000 0.00044048499999999643 0.3333404950000012 0.0003929549999999911 0.00039240499999999097 0.0003992099999999948 0.00040916999999999495 
50000 0.0003787399999999954 0.33332433599999806 0.0003210159999999891 0.00032018399999998883 0.000328931999999993 0.00034143599999999255 
60000 0.0003420099999999958 0.33336586666666707 0.0002734833333333219 0.0002723566666666553 0.00028342666666665995 0.00030076666666666084 
70000 0.00031507714285713804 0.33336822857142956 0.00023897142857141752 0.00023758571428570297 0.0002502514285714223 0.000271699999999994 
80000 0.00029230499999999607 0.3333494475000001 0.00021271999999999017 0.0002108949999999901 0.0002249099999999954 0.000250504999999994 
90000 0.0002748511111111051 0.33333497999999945 0.0001925688888888799 0.00019042888888887968 0.00020599555555555089 0.00023466222222221641 
100000 0.00026606399999999506 0.33336661399999995 0.00017682999999999233 0.0001744239999999918 0.00019177799999999597 0.0002251659999999956 
