10000 0.006193779999999994 0.33345822000000097 0.0027252999999999956 0.0022751399999999993 0.0038519999999999995 0.005889419999999987 
20000 0.005735619999999976 0.33330777000000106 0.0022613899999999903 0.0017799399999999853 0.003424930000000007 0.005599839999999996 
30000 0.005645460000000012 0.3332928666666661 0.002132166666666666 0.001627033333333324 0.0033054599999999853 0.005568660000000008 
40000 0.005598905000000003 0.3333182150000007 0.002063284999999997 0.001551715000000004 0.003257655000000011 0.005514250000000001 
50000 0.0055291399999999975 0.33329826399999923 0.002014863999999988 0.0014964560000000008 0.003208228000000005 0.005473111999999993 
60000 0.005515636666666672 0.3333055766666656 0.0019857066666666627 0.001465823333333324 0.0031834599999999956 0.0054663666666666735 
70000 0.0054841 0.3333085057142867 0.001959160000000006 0.0014390171428571338 0.0031596314285714275 0.005435857142857141 
80000 0.0054811775000000095 0.33337346749999935 0.0019481425000000062 0.0014248599999999937 0.003149239999999993 0.005433602499999985 
90000 0.005455308888888868 0.3333255044444453 0.0019303977777777818 0.0014079088888888907 0.0031304422222222126 0.005416397777777763 
100000 0.00545447 0.33331155199999984 0.0019241940000000036 0.001399193999999998 0.003130786000000005 0.005421706 
