Paging
1
MARK_LRU 
5
Uni Geo Hrm Dhr 
30 
3000 2392 20 1213 81 
3500 2799 20 1409 98 
4000 3191 20 1598 106 
4500 3599 20 1814 117 
5000 4001 20 2026 136 
5500 4403 20 2211 147 
6000 4806 20 2415 155 
6500 5195 20 2589 169 
7000 5590 20 2836 183 
7500 6000 20 3025 194 
8000 6400 20 3219 207 
8500 6799 20 3411 223 
9000 7202 20 3624 232 
9500 7603 20 3831 247 
10000 8016 20 4039 255 
10500 8418 20 4211 271 
11000 8815 20 4433 287 
11500 9213 20 4648 298 
12000 9590 20 4823 310 
12500 10017 20 5020 325 
