10000 0.8049756399999934 0.9512399800000118 0.8049618399999958 0.8048834399999909 0.8049514599999958 0.8049988399999933 
20000 0.8049726599999933 0.951231400000005 0.8049793799999924 0.8049452899999944 0.8049813599999943 0.8049823299999925 
30000 0.8048858266666666 0.9511986466666661 0.8049079799999962 0.804887226666663 0.8048951933333337 0.8048839066666637 
40000 0.8048914850000004 0.9512104900000037 0.8049081500000003 0.8049149849999994 0.804927834999999 0.8049039950000008 
50000 0.8049091799999999 0.9512407079999996 0.8049246799999987 0.8049104399999978 0.8049056040000003 0.8048984039999991 
60000 0.8048924899999975 0.9512378399999945 0.8049003033333323 0.8049170999999956 0.8048870666666655 0.8048738066666643 
70000 0.8049012857142841 0.9512243000000017 0.8048932885714254 0.8049194542857142 0.8048770685714274 0.8048664028571416 
80000 0.8048895674999977 0.951216832500001 0.8048905325000015 0.8048664899999995 0.8048935600000023 0.8049060450000007 
90000 0.8048839377777752 0.9512128511111124 0.8048923466666663 0.8048947111111106 0.8048870777777772 0.8048691644444447 
100000 0.8048679760000019 0.9512156799999968 0.804848932000001 0.8048999460000036 0.8048654499999984 0.8048640059999993 
