10000 0.09273496000000013 0.30546066 0.062577 0.04328669999999997 0.07019244000000012 0.09254220000000007 
20000 0.09251854000000004 0.3054705900000005 0.06225871000000015 0.04235470000000002 0.06991329999999987 0.09246358999999997 
30000 0.09244134666666654 0.3054750933333332 0.06215451999999995 0.04203983333333318 0.06981215999999987 0.09237568666666653 
40000 0.0924132599999997 0.3054617749999996 0.062102549999999895 0.04187962500000003 0.06978200499999973 0.09234742999999987 
50000 0.09240233999999982 0.3054224720000009 0.0620907640000001 0.0417798319999999 0.06976495199999982 0.09236182799999997 
60000 0.0923512866666666 0.3054301433333349 0.062033079999999914 0.04169102000000001 0.06971751000000004 0.09231917000000002 
70000 0.09237897999999992 0.30550665142857164 0.062048660000000096 0.04165099428571428 0.0697151628571428 0.09233910000000005 
80000 0.09233804749999973 0.3054473050000001 0.0620144599999997 0.041611050000000115 0.0696997925000001 0.09232735999999986 
90000 0.09235430888888871 0.3054741066666657 0.062014044444444395 0.04157925999999983 0.06970231777777788 0.09236062222222202 
100000 0.09235030999999966 0.3054569600000006 0.062013617999999764 0.041557427999999945 0.06969432400000009 0.0923266519999999 
