10000 0.0013597399999999893 0.333316540000001 0.0013597399999999893 0.0013597399999999893 0.0013597399999999893 0.0013597399999999893 
20000 0.000730620000000008 0.3333720200000002 0.0007305400000000079 0.0007305400000000079 0.000730550000000008 0.000730530000000008 
30000 0.0005060866666666624 0.33331483333333395 0.0005059199999999958 0.0005059199999999958 0.0005059599999999957 0.000505933333333329 
40000 0.0003903449999999901 0.33336631000000194 0.00038982499999999003 0.00038980999999999006 0.00038989499999999015 0.0003898949999999901 
50000 0.0003198519999999867 0.33330404799999896 0.0003188079999999868 0.0003187999999999868 0.0003189159999999868 0.0003189959999999867 
60000 0.00027276333333331937 0.33331977333333335 0.000270099999999986 0.0002700966666666527 0.00027035333333331953 0.0002705299999999861 
70000 0.00023738571428570033 0.33338462571428573 0.00023459714285712922 0.00023458571428570067 0.0002349314285714151 0.00023532857142855777 
80000 0.00021216999999998663 0.33332258249999985 0.00020767499999998704 0.00020765999999998707 0.0002081749999999872 0.0002086749999999872 
90000 0.00019218444444443186 0.33330715777777725 0.0001865599999999881 0.00018654666666665477 0.00018723111111109965 0.0001879599999999883 
100000 0.0001759299999999885 0.3333218380000005 0.0001695539999999893 0.00016952599999998927 0.00017034199999998997 0.00017100999999998954 
