10000 0.002601779999999997 0.33349764000000054 0.001549899999999967 0.0014860799999999712 0.0018024199999999845 0.002284120000000008 
20000 0.0020877999999999444 0.33332578000000107 0.0010020099999999933 0.000909559999999988 0.0012932099999999978 0.001910539999999993 
30000 0.0019249466666666222 0.33330449333333195 0.0008186266666666706 0.0007146133333333345 0.001128473333333333 0.0017955333333333255 
40000 0.0018424549999999935 0.33331502500000143 0.0007292750000000018 0.0006181350000000055 0.0010496450000000016 0.0017504000000000016 
50000 0.001795323999999996 0.3333639039999989 0.0006771599999999979 0.0005602400000000007 0.0010002999999999987 0.0017164879999999954 
60000 0.0017588500000000062 0.33333245666666717 0.0006400899999999977 0.0005218333333333338 0.0009664099999999965 0.0016945733333333316 
70000 0.00173797714285716 0.3333714028571428 0.00061686857142857 0.0004950857142857107 0.0009474942857142858 0.0016882199999999987 
80000 0.0017127150000000179 0.33329911749999835 0.0005925249999999995 0.00047152749999999823 0.0009233050000000036 0.001656687499999996 
90000 0.0017005355555555642 0.3333605844444443 0.000577475555555555 0.0004551666666666667 0.000912191111111109 0.0016557266666666702 
100000 0.001691076000000008 0.333308227999999 0.0005676119999999966 0.00044377400000000035 0.000903761999999995 0.001656300000000008 
