10000 0.6225407599999991 0.6582503000000002 0.5917498999999989 0.45419957999999905 0.6078158400000013 0.6226000399999985 
20000 0.622552479999999 0.658342750000001 0.5917520999999971 0.45384696999999913 0.6078422000000014 0.6225289199999978 
30000 0.6224804533333321 0.6581979933333323 0.5916950333333354 0.4536327999999968 0.6078379000000009 0.622447106666667 
40000 0.6224548550000001 0.6582837049999991 0.5916966450000011 0.4536194349999998 0.6077772750000002 0.6225393500000017 
50000 0.6225080039999987 0.6582757200000007 0.5917344440000005 0.45358910800000035 0.6077750319999985 0.6225084720000013 
60000 0.6224108600000011 0.6582230033333307 0.5916319433333332 0.45350460333333265 0.6077006900000013 0.6224154566666679 
70000 0.6224791285714296 0.6582929885714303 0.5917202599999984 0.45355003714285586 0.6077568942857137 0.6225200085714303 
80000 0.6224554374999999 0.6582381175000019 0.5916672849999992 0.45346626250000055 0.6077495300000021 0.622433912500002 
90000 0.622467824444445 0.6582657777777777 0.5916915066666684 0.4534965155555548 0.6077685422222207 0.6224514600000004 
100000 0.622438376 0.658246636 0.5916566720000003 0.4534729340000006 0.6077303520000003 0.6224384320000007 
