UpdateList
6
MTF TRANS FC BIT TS Combination 
1
Dhr 
30 
3000 6942 4980 4604 6534 5395 6360 
3500 8057 5771 5282 7586 6226 7357 
4000 9216 6623 6054 8693 7119 8435 
4500 10357 7441 6781 9735 8008 9482 
5000 11556 8279 7520 10870 8924 10608 
5500 12645 9095 8224 11900 9757 11581 
6000 13909 10011 9043 13098 10746 12748 
6500 15006 10783 9764 14138 11610 13727 
7000 16039 11517 10393 15088 12373 14645 
7500 17132 12263 11060 16052 13152 15663 
8000 18403 13219 11913 17306 14172 16825 
8500 19625 14074 12671 18461 15104 17921 
9000 20762 14919 13404 19571 15998 18980 
9500 21846 15716 14095 20558 16874 19974 
10000 23162 16636 14898 21827 17867 21139 
10500 24132 17391 15577 22792 18630 21992 
11000 25475 18289 16352 24000 19621 23203 
11500 26560 19053 17075 25049 20436 24273 
12000 27810 19916 17850 26138 21365 25370 
12500 29028 20791 18619 27290 22296 26529 
