10000 0.06454191999999986 0.30846930000000017 0.042729300000000116 0.030188200000000033 0.04721488000000007 0.06426063999999987 
20000 0.0642062799999999 0.3084476799999979 0.04222656000000006 0.028897680000000037 0.046742780000000046 0.06411937000000004 
30000 0.06414270666666652 0.3084695999999989 0.04209148666666659 0.028470380000000076 0.046648373333333444 0.06407403333333332 
40000 0.064025325 0.3084099449999995 0.04198477999999996 0.02819524000000014 0.04652945000000005 0.06397694999999984 
50000 0.06405556000000011 0.3084984879999979 0.04197526399999992 0.02808077200000004 0.046529551999999995 0.06399105200000021 
60000 0.06400646666666666 0.3084785099999993 0.04191240333333336 0.027954763333333396 0.04647675666666664 0.06396212666666677 
70000 0.06399665142857171 0.30847287142857144 0.04189594857142868 0.02788817714285706 0.046460902857142786 0.06393832857142846 
80000 0.06401241249999998 0.3084896949999997 0.04190082749999995 0.027841467499999977 0.04646208000000001 0.06397660500000035 
90000 0.06397135555555565 0.30846959555555475 0.04186319999999998 0.0277691999999999 0.04642950666666669 0.06393511777777793 
100000 0.06398681400000006 0.3085061899999999 0.041873702000000096 0.027746877999999947 0.046422040000000005 0.06395242400000006 
