10000 0.5893794599999967 0.6985862800000018 0.547200599999998 0.4083946600000004 0.5649000600000009 0.5894255399999991 
20000 0.5892113799999966 0.6985499000000038 0.5469629999999994 0.40756554000000017 0.5647539900000009 0.5892414999999976 
30000 0.5891694733333358 0.6984886533333308 0.5468935200000029 0.4072159133333326 0.5646278933333365 0.5891379200000034 
40000 0.5892323899999977 0.698554105000002 0.5469866450000013 0.4071059550000018 0.5647328450000003 0.5892219599999998 
50000 0.5891744039999999 0.6985001560000013 0.5469141000000005 0.4070247759999994 0.5646813039999989 0.5891645319999996 
60000 0.5891704199999994 0.6985233833333353 0.5469097333333334 0.4069601899999996 0.564688900000001 0.5891669599999991 
70000 0.589222928571428 0.69848864 0.5469519542857118 0.4069694514285702 0.5647057742857127 0.5892051257142858 
80000 0.5892209824999995 0.6985156499999992 0.5469638524999995 0.4069284724999999 0.5647245375 0.5891843574999999 
90000 0.589224553333334 0.6985438244444452 0.5469602400000015 0.4069251555555564 0.5647338799999995 0.5892273799999996 
100000 0.5891979619999994 0.6985048660000028 0.5469436220000004 0.4068845579999985 0.5646962600000008 0.5892065819999999 
