UpdateList
1
BIT 
5
Uni Geo Hrm Dhr 
30 
3000 43492 21678 25167 6529 
3500 51113 25273 29558 7601 
4000 58043 28981 33612 8717 
4500 65413 32498 37827 9481 
5000 72587 35891 41885 10929 
5500 79624 39460 46536 11818 
6000 86836 43124 50613 12909 
6500 94038 46840 54736 14174 
7000 101434 50167 58680 15158 
7500 108683 53970 63361 16088 
8000 116174 57458 67429 17412 
8500 123324 61232 71138 18411 
9000 130720 64769 75754 19423 
9500 137752 68238 80106 20454 
10000 145440 71968 84446 21874 
10500 152628 75359 88501 22613 
11000 159548 79164 92842 24115 
11500 167044 82587 97218 25210 
12000 173751 86444 101065 26009 
12500 181120 89926 105187 27110 
