UpdateList
1
TRANS 
5
Uni Geo Hrm Dhr 
30 
3000 43493 20363 19942 4863 
3500 50927 23312 23228 5818 
4000 58057 26389 26437 6595 
4500 65386 29348 29988 7419 
5000 72610 32469 33098 8304 
5500 79686 35366 36545 9066 
6000 86877 38355 39730 9938 
6500 94100 41527 43208 10799 
7000 101628 44528 46426 11598 
7500 108566 47368 49692 12506 
8000 115966 50469 53324 13306 
8500 123334 53310 56501 14114 
9000 130479 56267 59796 14830 
9500 137702 59397 63128 15711 
10000 144919 62475 66542 16602 
10500 152074 65305 69912 17338 
11000 159865 68473 73239 18213 
11500 167023 71166 76641 19114 
12000 174304 74114 80078 19874 
12500 181405 77020 83389 20686 
