10000 0.5655580000000007 0.7220518800000018 0.5163743199999997 0.38145288000000044 0.5345670800000012 0.5655103000000021 
20000 0.565395020000003 0.7220839300000021 0.5161553400000007 0.3801464800000015 0.534372540000001 0.5654320200000011 
30000 0.5654252333333372 0.722084486666665 0.5161463466666645 0.3797679200000008 0.5343811933333306 0.565418500000003 
40000 0.5653219499999985 0.7220496949999983 0.5160292450000018 0.37949223000000226 0.534314415000001 0.5653610900000015 
50000 0.5654066760000003 0.7221051520000017 0.5161227080000004 0.37948580400000254 0.5343603399999994 0.5653997879999998 
60000 0.5653774166666659 0.7220442166666651 0.516097010000001 0.3793638900000007 0.5343268733333333 0.5653502899999998 
70000 0.5653716857142854 0.7221038285714284 0.516094857142859 0.37932395142857134 0.5343073771428579 0.5653544314285702 
80000 0.5653711150000005 0.7220555199999996 0.5160841025000003 0.3792931924999997 0.5343072274999998 0.5653358125000021 
90000 0.5653391333333337 0.7220655555555574 0.5160603644444443 0.37923394888888856 0.534294355555557 0.5653546066666677 
100000 0.5653594219999997 0.722075772 0.5160795039999996 0.37919071000000126 0.5343015560000012 0.5653608740000005 
