10000 0.8039646799999955 0.9608027399999992 0.8039658799999929 0.8040883999999926 0.8040214399999948 0.8039492799999933 
20000 0.8039200799999942 0.960762819999995 0.8039234699999965 0.8040131999999937 0.8039522999999918 0.8039423699999932 
30000 0.8040085466666677 0.9607742799999953 0.804042973333331 0.803901680000001 0.8040183466666643 0.8039825333333316 
40000 0.8039358650000007 0.9607775500000005 0.8039417099999979 0.803968230000001 0.8039317499999997 0.8039234600000001 
50000 0.8039017320000009 0.9607730240000023 0.8039035559999964 0.8039825239999997 0.8039052399999969 0.803926719999998 
60000 0.8039425866666653 0.9607732266666668 0.8039278633333301 0.8039213999999996 0.8039323133333303 0.8039494466666657 
70000 0.803926439999998 0.96079900857143 0.8039321171428588 0.8039444714285717 0.8039254685714257 0.8039256399999998 
80000 0.8039306274999997 0.9607906100000013 0.8039253449999983 0.8039225625000012 0.8039280325000002 0.8038893700000024 
90000 0.8038994777777784 0.9607802244444431 0.8039087355555572 0.8039102600000014 0.8039082577777784 0.8039196666666684 
100000 0.8039396100000049 0.9607822440000017 0.8039338800000055 0.803920756000001 0.8039391800000012 0.8039463120000007 
