Paging_Harmonic
6
LRU FIFO LFU MARK_LRU MARK_FC RM 
1
Hrm 
30 
3000 1222 1399 1064 1222 1178 1258 
3500 1403 1614 1216 1403 1347 1449 
4000 1609 1847 1392 1609 1546 1661 
4500 1799 2061 1570 1799 1735 1868 
5000 2003 2300 1740 2003 1931 2069 
5500 2224 2554 1954 2224 2137 2294 
6000 2430 2788 2129 2430 2341 2518 
6500 2627 3011 2285 2627 2526 2714 
7000 2808 3224 2421 2808 2703 2898 
7500 3023 3474 2637 3023 2916 3131 
8000 3233 3710 2740 3233 3109 3339 
8500 3431 3941 2956 3431 3305 3549 
9000 3615 4156 3166 3615 3482 3744 
9500 3834 4389 3308 3834 3690 3958 
10000 4015 4620 3431 4015 3869 4157 
10500 4245 4871 3608 4245 4088 4395 
11000 4450 5098 3816 4450 4286 4609 
11500 4616 5311 3960 4616 4447 4776 
12000 4845 5556 4141 4845 4659 5015 
12500 5030 5781 4275 5030 4849 5208 
