10000 0.5005905599999989 0.7726954399999917 0.44120652000000066 0.32294938000000095 0.4573778799999982 0.5004622800000011 
20000 0.5004127000000032 0.7726944999999927 0.44093587000000073 0.3205841500000003 0.4571834799999984 0.5003883399999994 
30000 0.5005105000000002 0.7727321266666649 0.44100848000000203 0.31988209999999984 0.45727607999999853 0.5004562866666663 
40000 0.5003643800000015 0.7727146699999999 0.44086331500000153 0.31933843000000006 0.4571209300000017 0.5003068449999986 
50000 0.5003636800000016 0.7727267880000013 0.44082028799999934 0.31906127599999995 0.4570998879999995 0.5003472959999988 
60000 0.5003488633333316 0.7727265366666668 0.4408168599999988 0.3188730499999992 0.4571187500000003 0.5003241799999995 
70000 0.5002489200000011 0.7726632657142856 0.44071680285714215 0.3186511399999996 0.4569929142857142 0.5002405514285723 
80000 0.50033288 0.7727220025000032 0.4407902499999983 0.3186677899999999 0.45709267500000006 0.5003521150000015 
90000 0.5003156111111091 0.772709233333335 0.440758002222222 0.31850061333333407 0.45705078444444475 0.5003448888888892 
100000 0.5003296020000007 0.7727377699999987 0.44077261399999973 0.3184586240000007 0.45706575999999915 0.5003220119999993 
