10000 0.5200500000000002 0.7590334400000048 0.4622383799999995 0.33858172000000053 0.47947038000000236 0.5200109399999974 
20000 0.5200012699999977 0.7590238000000041 0.46215670999999814 0.3367609799999987 0.47936880000000204 0.5199420399999988 
30000 0.5198426999999997 0.758980626666671 0.4619748933333348 0.33603584000000164 0.47927548000000086 0.5198189533333321 
40000 0.5198756250000006 0.759021299999998 0.4620071699999984 0.3356983099999999 0.4792836399999999 0.519921315000002 
50000 0.5198807240000001 0.7590414320000044 0.46200151200000045 0.33549926799999963 0.47926847199999933 0.5198951880000005 
60000 0.5199250200000001 0.7590560000000021 0.46202682000000084 0.33533460666666687 0.47930234666666616 0.5198714466666673 
70000 0.5199181714285704 0.7590667628571429 0.46202497142857224 0.3352406971428569 0.479326617142857 0.5199106399999986 
80000 0.5198634199999999 0.7590329774999983 0.46197205249999895 0.3351260649999996 0.4792397350000012 0.5198566550000001 
90000 0.5198547666666646 0.7590134466666671 0.4619535999999988 0.3350538644444432 0.47921961333333224 0.5198311955555556 
100000 0.5199013819999998 0.7590484299999987 0.4619850080000001 0.33500896799999935 0.47926007199999965 0.5198565759999985 
