10000 0.0013656799999999865 0.3333641400000002 0.0013633199999999856 0.0013632599999999857 0.0013636599999999864 0.0013638199999999865 
20000 0.0007415900000000104 0.33333024999999944 0.0007302700000000075 0.0007302300000000075 0.000731890000000009 0.0007328400000000093 
30000 0.0005365733333333358 0.33334608666666665 0.0005070533333333304 0.0005067599999999967 0.0005106533333333333 0.0005150600000000001 
40000 0.00043860499999999795 0.3333253350000006 0.0003922399999999907 0.00039168499999999053 0.0003982099999999946 0.0004075449999999952 
50000 0.0003832399999999959 0.33332834799999883 0.0003218519999999889 0.0003209399999999886 0.00033038799999999293 0.00034437199999999313 
60000 0.00034286999999999464 0.33332881666666736 0.0002735099999999886 0.00027239666666665493 0.0002831666666666592 0.0003016266666666596 
70000 0.0003128571428571391 0.3333259800000002 0.0002384257142857037 0.0002371285714285599 0.0002494571428571358 0.0002710542857142792 
80000 0.0002947999999999956 0.3333620199999997 0.00021315749999999012 0.00021140999999998974 0.00022606499999999437 0.00025139499999999427 
90000 0.000277395555555551 0.3333369177777776 0.0001927199999999913 0.00019076222222221288 0.00020663333333332848 0.00023497999999999507 
100000 0.00026441799999999484 0.3333232759999997 0.00017653599999999206 0.00017396999999999175 0.00019146799999999605 0.00022407599999999575 
