10000 0.1614294400000005 0.33331689999999997 0.11656870000000083 0.08364058000000027 0.14322498000000036 0.1614871200000003 
20000 0.1613875600000002 0.33328804000000184 0.11647565000000007 0.08350876999999983 0.14322709000000003 0.1613704799999999 
30000 0.16142215333333326 0.33337707333333244 0.11648267999999996 0.08346858000000001 0.14317895999999966 0.1614044466666669 
40000 0.16140812499999949 0.3333668550000014 0.11646806999999962 0.08346190500000022 0.14318004000000029 0.16134193500000016 
50000 0.16137355199999984 0.33339511999999794 0.11646060799999984 0.08343718000000003 0.14317224800000014 0.1614021119999997 
60000 0.16133713000000005 0.3333521766666665 0.11642601333333326 0.0833998133333333 0.14314090666666662 0.16131566000000025 
70000 0.1613186571428575 0.3333819999999998 0.11640476285714292 0.08339191999999997 0.14310798857142892 0.16133694285714342 
80000 0.1613172824999994 0.33331711500000155 0.11640336999999988 0.08337696750000025 0.14310947250000058 0.1613256899999997 
90000 0.1613493822222227 0.3333537755555557 0.1164283777777773 0.08339681111111114 0.1431310044444441 0.161325357777778 
100000 0.16129820399999928 0.3333321820000007 0.11638475999999955 0.08337114199999991 0.1431053299999996 0.16131391799999978 
