10000 0.10875176000000016 0.3037796400000007 0.07439056000000006 0.05140495999999989 0.08406216000000041 0.1086384200000004 
20000 0.10848014999999998 0.30355038000000095 0.07405375999999973 0.05061281000000005 0.08371818999999978 0.10843557999999957 
30000 0.10840957333333316 0.3035542133333336 0.07395276666666684 0.05031839999999992 0.08364117999999995 0.10835364000000007 
40000 0.10843233500000049 0.3036156550000009 0.07395467500000018 0.05020391499999987 0.08364450000000011 0.10840151999999961 
50000 0.10839951600000011 0.30364737600000224 0.07392631999999986 0.050114052000000076 0.08362687199999999 0.10838860800000011 
60000 0.10837535333333327 0.30360231999999937 0.07387178999999995 0.050046543333333436 0.08359299666666666 0.10835040666666637 
70000 0.10838827714285722 0.30364947714285645 0.07390351428571446 0.050015962857142805 0.08360688571428573 0.10836067428571418 
80000 0.10836753499999979 0.3036266599999994 0.07387804250000017 0.049975817499999894 0.08358041499999996 0.10832887000000001 
90000 0.10835767111111026 0.3036658133333331 0.0738583800000001 0.04994703555555572 0.08357097333333313 0.10835513555555559 
100000 0.10839338000000054 0.3036465379999997 0.07388809999999994 0.04996173199999997 0.08360042000000004 0.10838926800000015 
