10000 0.006208800000000004 0.33319634000000076 0.0027282199999999986 0.0022816200000000055 0.003866259999999994 0.005923659999999996 
20000 0.0057617200000000075 0.3333902000000011 0.0022735099999999938 0.0017858299999999906 0.0034366 0.0056318899999999875 
30000 0.00567112666666666 0.33333503999999964 0.002138819999999998 0.0016330933333333244 0.0033267466666666587 0.005577866666666679 
40000 0.00557035500000001 0.33337960000000105 0.0020554099999999975 0.0015411750000000018 0.0032450850000000104 0.005499449999999998 
50000 0.005543336000000006 0.3333549959999986 0.0020146439999999934 0.0014991359999999984 0.003214996000000005 0.005477987999999999 
60000 0.00551789666666667 0.33331524666666684 0.001983413333333332 0.0014645533333333327 0.00318177666666667 0.0054675199999999965 
70000 0.005493359999999999 0.3333034342857139 0.0019620342857142843 0.0014409057142857058 0.0031623971428571445 0.00544394571428569 
80000 0.005473374999999986 0.33333791250000083 0.001945820000000006 0.0014227024999999961 0.0031426074999999923 0.005434142500000003 
90000 0.005466964444444438 0.33337850888888937 0.0019331555555555575 0.0014098466666666674 0.003137673333333337 0.005434684444444438 
100000 0.005457935999999986 0.3333762299999998 0.0019275379999999945 0.0014011160000000041 0.003133420000000008 0.005424960000000005 
