10000 0.08087263999999984 0.30687499999999984 0.054106660000000056 0.037585619999999986 0.0603266199999999 0.08073061999999982 
20000 0.08062330000000005 0.3068281999999991 0.0536830300000002 0.0365347599999999 0.05997088000000003 0.08054081999999986 
30000 0.08057654000000002 0.30683714666666645 0.05361640000000006 0.03619273333333342 0.05989484000000005 0.08052928666666656 
40000 0.0805238949999999 0.3067590599999982 0.05352658500000008 0.03596756499999997 0.059803305 0.0804505650000001 
50000 0.08050569199999982 0.30678552799999986 0.053515180000000016 0.03587047599999998 0.05981106399999994 0.08046178400000015 
60000 0.08047710333333351 0.30672008333333367 0.05347702333333329 0.03578100333333328 0.05977021999999991 0.08045780999999982 
70000 0.08049376571428599 0.30677433142857136 0.053475517142857226 0.03572627999999997 0.05977317714285725 0.08045238857142857 
80000 0.08044556750000026 0.3067511699999991 0.05342706499999991 0.03566030999999995 0.059720825000000255 0.08041097499999993 
90000 0.08046628666666669 0.3067643911111117 0.05344458888888916 0.03564570222222223 0.05974777555555539 0.08043803333333348 
100000 0.0804363919999998 0.30674629599999864 0.05341732599999993 0.03559920800000005 0.05972078999999997 0.08042967600000002 
