Paging
1
LFU 
5
Uni Geo Hrm Dhr 
30 
3000 2402 20 1054 74 
3500 2796 20 1231 90 
4000 3192 20 1411 98 
4500 3604 20 1526 107 
5000 4005 20 1742 120 
5500 4399 20 1893 130 
6000 4802 20 2086 133 
6500 5193 20 2263 147 
7000 5597 20 2442 157 
7500 6012 20 2667 167 
8000 6408 20 2799 180 
8500 6806 20 2893 184 
9000 7214 20 3114 205 
9500 7592 20 3244 203 
10000 8005 20 3463 209 
10500 8410 20 3708 233 
11000 8802 20 3721 233 
11500 9224 20 3913 243 
12000 9605 20 4178 246 
12500 10006 20 4328 261 
