10000 0.09274390000000006 0.305514539999999 0.0625732999999998 0.04329565999999987 0.07021786 0.09258214000000026 
20000 0.09251398000000007 0.3055004299999997 0.062239540000000065 0.04236366000000003 0.06989277999999986 0.09243395999999997 
30000 0.09245508666666678 0.3055063666666663 0.062162166666666525 0.04205091333333315 0.06983641333333324 0.0923808733333331 
40000 0.09241925 0.30544987499999887 0.06210116499999987 0.041906110000000045 0.06977593500000003 0.09238451500000018 
50000 0.09237428400000006 0.30544656800000136 0.06207788799999995 0.04177831600000003 0.06974039999999977 0.092337152 
60000 0.0924125466666666 0.30553288000000056 0.062084503333333124 0.041721563333333385 0.06976859666666671 0.0923888999999998 
70000 0.09236470000000004 0.3054962171428575 0.06202829428571424 0.04164720285714283 0.06971542571428546 0.09234766000000008 
80000 0.09234416999999978 0.3054410799999998 0.06201676749999996 0.04160845499999994 0.0696968899999999 0.09234063999999972 
90000 0.09235518666666649 0.3054099311111113 0.06201775111111103 0.041583586666666575 0.06969163111111115 0.09232908444444456 
100000 0.09233654799999975 0.3054675880000003 0.06200304799999994 0.04155247799999989 0.06968663800000012 0.09232506600000036 
