10000 0.589215799999998 0.6985236800000063 0.546995859999999 0.4083095599999996 0.5647550799999999 0.589324239999998 
20000 0.5892872399999979 0.6985553200000053 0.5470240099999997 0.4075703800000012 0.564828020000003 0.5892581599999986 
30000 0.5891748066666673 0.6984925066666663 0.5469215200000028 0.40719001999999904 0.5646776266666684 0.5891568866666682 
40000 0.5891933300000003 0.6985101450000011 0.546957680000002 0.4071271900000016 0.5647588149999976 0.5892042200000007 
50000 0.5891962199999996 0.6984862280000014 0.546944052 0.4070204519999985 0.5646877400000021 0.5891829280000014 
60000 0.5892445366666665 0.6985570366666686 0.5469838033333344 0.40701356999999966 0.5647484400000002 0.5892876033333326 
70000 0.5892020828571446 0.6984975371428568 0.5469442399999992 0.4069612857142871 0.5646830514285722 0.5891979971428565 
80000 0.5892002824999979 0.6985107525 0.5469270249999998 0.40693395500000024 0.564683999999999 0.5892043824999998 
90000 0.5892239177777778 0.6985526800000007 0.5469582911111103 0.40690452888888856 0.5647050222222226 0.5892250799999994 
100000 0.5892023360000009 0.6985102160000016 0.546923326000002 0.40687657199999916 0.5647043959999997 0.5891931399999972 
