10000 0.09277680000000023 0.3056935999999992 0.06260931999999982 0.04329955999999995 0.07024088000000003 0.09260154000000026 
20000 0.09253873000000004 0.30550352999999825 0.062264719999999954 0.042388300000000066 0.06992932999999987 0.09243834000000004 
30000 0.09245524000000017 0.3054587999999996 0.062174059999999996 0.042064879999999964 0.06984304666666631 0.09238095333333327 
40000 0.09237561999999996 0.3054575599999993 0.062068430000000126 0.041850355 0.0697298100000001 0.09233841500000022 
50000 0.09237409999999988 0.305458372000001 0.06205451599999998 0.04176413199999983 0.06973950400000009 0.09234106800000029 
60000 0.09232990999999992 0.30544090333333423 0.06201210666666677 0.041679576666666635 0.06969776666666673 0.09228206999999959 
70000 0.09237188571428583 0.3054907599999996 0.06204031714285719 0.04166326285714291 0.06972782571428582 0.09233880857142836 
80000 0.09237302499999989 0.3054631075000009 0.06203384999999983 0.041614924999999976 0.06971680500000006 0.09233165749999983 
90000 0.09232493111111104 0.3054247066666678 0.06200332222222226 0.041579904444444336 0.0696738022222224 0.09230699555555538 
100000 0.09232272399999991 0.30544354600000145 0.06199085399999996 0.04154616599999998 0.06966768999999978 0.09232292000000009 
