10000 0.5473150800000002 0.7380983399999969 0.49379671999999775 0.3629910199999998 0.5118737600000012 0.5472209599999974 
20000 0.547110519999999 0.7380631599999968 0.4935540399999994 0.36150924000000034 0.5116887500000017 0.5471003099999996 
30000 0.5470193666666702 0.7380243466666686 0.49344531999999613 0.36097729333333484 0.5115640266666653 0.5470352000000035 
40000 0.5470240000000005 0.7380012149999969 0.49344578999999994 0.3606991600000012 0.5115430499999976 0.5470008500000008 
50000 0.5469835640000014 0.7380502000000039 0.49339521599999925 0.36054108399999857 0.5115102680000015 0.5470124319999988 
60000 0.5470161000000009 0.7380229433333326 0.49344673333333317 0.3604562033333325 0.5115697833333333 0.5470274766666663 
70000 0.5470510257142865 0.7380479285714281 0.49346315428571513 0.3603763057142859 0.511562557142857 0.5470394542857141 
80000 0.5469992249999984 0.7380633700000004 0.4934281874999986 0.36030593249999887 0.5115388125000014 0.5470215399999984 
90000 0.5469820488888909 0.7380081977777772 0.4933816688888887 0.36020227555555595 0.5115046200000003 0.5469828955555553 
100000 0.547016078000001 0.7380576840000017 0.49340517999999994 0.3602033240000006 0.5115432759999992 0.5470044379999993 
