10000 0.0013641999999999851 0.33344297999999967 0.0013628599999999848 0.0013628199999999849 0.001362979999999985 0.0013630999999999854 
20000 0.0007447600000000086 0.3332878700000013 0.0007312500000000058 0.0007311800000000055 0.0007328300000000071 0.0007343000000000071 
30000 0.0005388400000000018 0.33338191999999967 0.0005078133333333299 0.0005075333333333298 0.0005120333333333333 0.0005166866666666673 
40000 0.0004377499999999977 0.3333685850000009 0.0003921649999999909 0.0003916999999999904 0.000398184999999995 0.0004068349999999954 
50000 0.0003825319999999957 0.33330625199999836 0.0003216399999999891 0.00032075999999998884 0.00032970799999999274 0.00034267599999999375 
60000 0.00034188333333332944 0.33331946333333357 0.00027335999999998894 0.0002723133333333219 0.0002828699999999928 0.0002993833333333261 
70000 0.00031394285714285295 0.33333383142857176 0.00023883714285713258 0.00023746285714284582 0.0002498542857142793 0.00027096571428570726 
80000 0.00029398999999999604 0.33328530000000034 0.00021322749999999006 0.0002112649999999893 0.00022611499999999424 0.00025156499999999337 
90000 0.00027847111111110656 0.33331806888888976 0.0001928333333333241 0.0001906044444444347 0.00020687111111110642 0.00023578444444443924 
100000 0.0002653299999999949 0.3333520360000001 0.0001767239999999922 0.00017421599999999134 0.0001919639999999961 0.00022530399999999532 
