10000 0.5005985600000015 0.7727296399999947 0.44114344000000094 0.3229716999999993 0.4574128599999979 0.5004596999999997 
20000 0.5004908899999978 0.772758239999995 0.4409741200000014 0.32065330999999947 0.45721343999999997 0.500347699999999 
30000 0.5003571000000013 0.7726934866666665 0.44081502666666983 0.3197513133333343 0.45712113999999987 0.5003285066666686 
40000 0.5003106249999991 0.7726630549999988 0.44079560500000053 0.31931338000000065 0.45704361999999976 0.5002790900000017 
50000 0.5003149279999997 0.7727061560000014 0.44078016800000025 0.31904271999999956 0.45706850799999993 0.5002523999999998 
60000 0.5003288533333351 0.7727284800000018 0.4407846366666676 0.31885082666666653 0.4570868033333351 0.5003341566666678 
70000 0.5003322971428551 0.7727193228571434 0.4407923485714285 0.3187051142857136 0.4570803000000002 0.5003056285714282 
80000 0.5003121950000017 0.7727268800000006 0.44078505500000004 0.31862254250000066 0.45709835000000076 0.5003446075000004 
90000 0.5002725866666673 0.7726714088888897 0.44073809333333397 0.3185336444444443 0.45703649777777794 0.5002531244444457 
100000 0.5003136699999998 0.7727009320000008 0.44076219999999944 0.31846090599999943 0.457054014 0.5003091820000006 
