10000 0.055607659999999975 0.3333517600000015 0.029918799999999975 0.02144744 0.042008619999999976 0.05553192000000006 
20000 0.055328920000000004 0.33330068000000107 0.02965081999999995 0.021132449999999976 0.04178855999999995 0.055307989999999904 
30000 0.05527395333333329 0.3333422666666671 0.02957270666666656 0.021027613333333306 0.041714953333333506 0.055242720000000085 
40000 0.055194625 0.33335164500000203 0.02951783000000006 0.020973115000000025 0.04163888499999992 0.05520948500000007 
50000 0.055200416000000016 0.33335457999999824 0.029494763999999937 0.02094099199999999 0.04164264399999988 0.0551834520000001 
60000 0.05519580333333321 0.3333766733333337 0.02950094000000006 0.02093736999999997 0.04164148333333332 0.05519262666666668 
70000 0.05517875714285704 0.3333285571428579 0.029468151428571388 0.020914431428571342 0.0416258942857142 0.055162017142857275 
80000 0.055178699999999956 0.33334470749999956 0.029472814999999968 0.020911164999999995 0.041614620000000054 0.05517335000000011 
90000 0.0551327355555556 0.33337262222222386 0.029442033333333346 0.02089119111111116 0.041595546666666816 0.055134855555555494 
100000 0.05514086400000011 0.33333285999999984 0.02944063800000005 0.020883987999999985 0.041590640000000186 0.05513504000000013 
