10000 0.8026877999999943 0.9753051599999986 0.8026474999999956 0.8025770599999944 0.8026996199999938 0.8026793799999931 
20000 0.8025705899999904 0.9753232600000064 0.8025757999999938 0.8024814099999956 0.8025677599999923 0.8026191199999899 
30000 0.8024750999999993 0.9752873600000012 0.8024780733333349 0.802464660000001 0.8024910933333365 0.8024708733333319 
40000 0.8025189049999999 0.975294875000001 0.8025206949999986 0.8024942349999997 0.8025185849999983 0.8024507600000005 
50000 0.8025142559999969 0.9753027360000008 0.8025040439999966 0.8024825279999999 0.8025235160000004 0.8025309239999981 
60000 0.8025246566666672 0.9753098366666695 0.8025345600000003 0.8025077466666646 0.8025264333333344 0.8025092433333318 
70000 0.8025270628571433 0.9753022685714263 0.802529454285714 0.8025121314285725 0.8025099942857146 0.8025054314285713 
80000 0.8025052449999985 0.9753077450000012 0.8025045100000011 0.8024686475000015 0.8024915824999986 0.8024793924999983 
90000 0.8024721355555524 0.9753082622222224 0.8024851266666652 0.8024611444444439 0.8024931599999995 0.8025000022222196 
100000 0.8024815400000014 0.9752935860000008 0.8024749619999973 0.802463363999999 0.8024629279999987 0.8024651479999996 
