10000 0.0015172999999999825 0.33331315999999955 0.0013685799999999717 0.0013661999999999733 0.0013893399999999653 0.0014176599999999717 
20000 0.0010332300000000314 0.3334131500000006 0.0007548399999999983 0.000747039999999997 0.0008009199999999964 0.0008879900000000115 
30000 0.0008483666666666958 0.33331221999999866 0.0005416399999999946 0.0005295666666666592 0.0006002799999999981 0.0007263466666666726 
40000 0.0007536100000000287 0.3333161850000011 0.0004345099999999932 0.00041915999999999156 0.0005032349999999989 0.0006539450000000016 
50000 0.0006924280000000302 0.33327209999999796 0.00036983999999999314 0.0003517799999999889 0.0004421559999999975 0.0006101800000000005 
60000 0.0006582966666666986 0.3333668999999995 0.00032876666666666244 0.0003081866666666591 0.00040606999999999975 0.0005823499999999985 
70000 0.0006302228571428902 0.33333312857142816 0.0002979685714285706 0.0002758257142857096 0.000378254285714287 0.0005697828571428575 
80000 0.0006059275000000325 0.3333559275000001 0.0002739899999999995 0.0002514399999999977 0.00035591500000000027 0.0005532650000000007 
90000 0.0005926444444444735 0.333355402222223 0.0002573355555555563 0.00023382222222222238 0.00034097111111111003 0.000546735555555554 
100000 0.0005839660000000292 0.33333795600000027 0.0002442920000000002 0.00021917600000000094 0.0003296959999999999 0.000540966000000001 
