10000 0.0061716400000000095 0.3334976600000005 0.0027098999999999973 0.0022747800000000014 0.0038373999999999873 0.005879839999999979 
20000 0.005762479999999997 0.33343017000000136 0.0022705899999999994 0.0017845599999999897 0.0034334900000000104 0.0056078199999999865 
30000 0.005662759999999998 0.33333832000000096 0.0021390533333333333 0.0016334199999999963 0.0033287533333333165 0.005573780000000002 
40000 0.005585220000000013 0.3332919550000033 0.0020623000000000017 0.0015492400000000038 0.003247274999999999 0.005512495000000003 
50000 0.005539076000000005 0.33338095999999956 0.002015111999999986 0.0014971399999999992 0.0032079240000000135 0.0054813239999999975 
60000 0.005509233333333336 0.3333461333333323 0.0019838366666666586 0.00146414 0.0031787533333333304 0.0054519833333333215 
70000 0.00548530857142854 0.3333920828571437 0.001960728571428581 0.0014400057142857042 0.003157802857142856 0.005441902857142856 
80000 0.00547818749999998 0.3333057549999999 0.0019477075000000016 0.0014242624999999958 0.0031484499999999975 0.005434027499999981 
90000 0.0054667711111111 0.33334777555555656 0.0019351666666666614 0.0014111977777777798 0.0031385866666666655 0.005427197777777785 
100000 0.0054535439999999925 0.33332401600000033 0.0019233519999999995 0.001400262000000002 0.003128528000000004 0.00543239399999998 
