10000 0.5200743399999979 0.7589783400000054 0.462305360000001 0.33863113999999966 0.4795552599999997 0.5200704200000008 
20000 0.5199693799999991 0.7590310600000052 0.46210737999999774 0.3367290599999995 0.47940617999999957 0.5198733399999994 
30000 0.5199299066666652 0.7590113000000006 0.4620448200000023 0.33602891333333507 0.47933071333333394 0.5198505200000006 
40000 0.5199010550000017 0.758969134999997 0.46201306499999967 0.33569727500000024 0.4792682799999997 0.5198302799999998 
50000 0.5198892959999997 0.7590578120000023 0.462016340000001 0.335449115999999 0.47928996399999974 0.5198854480000002 
60000 0.5198205899999997 0.7589964199999998 0.4619312999999995 0.33526413333333444 0.47920281000000103 0.5198236233333328 
70000 0.5199263742857153 0.7590069857142884 0.4620168828571426 0.3352339542857132 0.47929044285714345 0.5199437514285707 
80000 0.5198987975000002 0.7590164874999988 0.4620077850000002 0.3351346750000006 0.47927745000000105 0.5198945174999998 
90000 0.5198579488888884 0.7590204955555526 0.46195275333333274 0.3350407111111099 0.4792407044444452 0.5198547599999991 
100000 0.5198707640000012 0.759020438 0.4619899700000007 0.3349987780000009 0.4792654139999993 0.5198801740000003 
