UpdateList
1
MTF 
5
Uni Geo Hrm Dhr 
30 
3000 43457 22071 25847 6940 
3500 50832 25745 30522 8090 
4000 57891 29474 34693 9251 
4500 65203 33163 39063 10260 
5000 72311 36717 43524 11583 
5500 79959 40423 47957 12651 
6000 86999 44066 52284 13702 
6500 94312 47814 56493 14851 
7000 101517 51264 61127 16076 
7500 108690 55308 65264 17381 
8000 116217 58762 69570 18778 
8500 123082 62552 74122 19674 
9000 130479 66278 77798 20798 
9500 137701 69811 82348 21742 
10000 145156 73401 86922 23077 
10500 152319 77225 91285 24167 
11000 159203 80659 95647 25402 
11500 166739 84506 99848 26469 
12000 173563 88298 104359 27275 
12500 181288 91580 108468 28954 
