10000 0.01822186 0.33330926000000155 0.008026279999999986 0.0059795 0.011991179999999955 0.017979860000000084 
20000 0.017906239999999917 0.33348157000000095 0.007683010000000004 0.005592099999999991 0.011707020000000002 0.01779994000000006 
30000 0.017790186666666586 0.33328838666666666 0.007567099999999988 0.005459086666666677 0.011593473333333335 0.01772231333333326 
40000 0.01775372 0.3333319700000001 0.007505850000000004 0.00539100500000002 0.011540570000000003 0.017684105 
50000 0.017727631999999965 0.3333402079999986 0.007484248000000013 0.005362199999999992 0.011522623999999985 0.017687568000000046 
60000 0.017734029999999967 0.3333104166666669 0.00746926666666669 0.005341876666666656 0.011514219999999988 0.017705009999999983 
70000 0.017703482857142863 0.33334437428571284 0.007449117142857119 0.005323554285714282 0.011486677142857173 0.017692642857142844 
80000 0.01769862000000005 0.333302382499999 0.0074371774999999985 0.005305887500000013 0.01149286 0.01767390249999999 
90000 0.017679877777777804 0.33333351111111065 0.0074258333333333286 0.005293664444444431 0.01147353333333335 0.017657986666666767 
100000 0.017684671999999933 0.33336384799999946 0.007428883999999992 0.005290653999999997 0.011476137999999983 0.017671605999999975 
