10000 0.0645179199999997 0.3085184999999995 0.04270337999999998 0.030151179999999944 0.04719330000000001 0.06428070000000005 
20000 0.06420936000000009 0.3084805699999989 0.042237409999999975 0.02890130999999995 0.04676450999999995 0.06407993000000013 
30000 0.06410489999999999 0.3084701466666652 0.04206552666666658 0.02844798666666669 0.04660825333333337 0.06401347999999996 
40000 0.06412081500000012 0.3085542949999993 0.042036819999999975 0.028236289999999924 0.04659966500000005 0.06404665499999986 
50000 0.06406124400000013 0.3084498399999973 0.041973132000000066 0.028064544000000045 0.0465301120000001 0.06398399600000004 
60000 0.06403583000000004 0.3084617433333321 0.041944230000000055 0.027968809999999955 0.04649335333333336 0.06400399999999973 
70000 0.06398068571428583 0.30846143142857163 0.04188703142857146 0.027871937142857097 0.046446445714285654 0.06392601428571427 
80000 0.06399748000000016 0.30848724250000187 0.04188977000000018 0.02782753000000007 0.04645569749999991 0.06396340750000018 
90000 0.06397562666666654 0.30850223777777713 0.041866975555555526 0.027771237777777732 0.046435968888888846 0.0639873600000001 
100000 0.0639706460000001 0.30847448200000127 0.04187061799999997 0.027744829999999897 0.04643403599999991 0.06393813799999985 
