10000 0.5097801000000017 0.7665251800000004 0.4509981399999997 0.3301972199999996 0.4677799999999992 0.5097251800000008 
20000 0.5094694800000011 0.7665014499999973 0.45059840000000084 0.3279173099999998 0.46733280000000005 0.5094093000000028 
30000 0.5094381733333351 0.7665088133333314 0.45052327999999797 0.3271532599999992 0.46732145333333336 0.5093737666666663 
40000 0.5093505299999983 0.7664810749999983 0.45046434499999993 0.3267376099999993 0.467202969999999 0.5093110199999991 
50000 0.50944184 0.7664801279999973 0.4505099120000031 0.3265640400000011 0.46729948399999943 0.5094154480000003 
60000 0.5094947800000008 0.7665162400000011 0.4505829133333344 0.3264161666666667 0.46736112000000213 0.5094624966666667 
70000 0.5093811657142857 0.7664780200000003 0.4504600514285728 0.3262434114285715 0.46725661714285704 0.509378554285713 
80000 0.5093842249999987 0.7664770624999999 0.45047448250000016 0.3261198475000001 0.4672579025000011 0.5093617975000013 
90000 0.5093542866666674 0.7664968822222215 0.450446568888889 0.32601005333333327 0.4672022866666659 0.5093577511111104 
100000 0.5093857419999983 0.766466472000002 0.4504664480000008 0.3259821420000001 0.4672433459999985 0.5093514600000024 
