10000 0.0013617399999999843 0.3332998800000001 0.0013617399999999843 0.0013617399999999843 0.0013617399999999843 0.0013617399999999843 
20000 0.0007306200000000065 0.33335860999999994 0.0007305200000000064 0.0007305200000000064 0.0007305200000000064 0.0007305200000000064 
30000 0.0005065866666666628 0.3333718933333331 0.0005064266666666628 0.0005064266666666628 0.0005064466666666628 0.0005064333333333295 
40000 0.00039076999999999005 0.33332972000000183 0.00039027999999999004 0.00039027999999999004 0.00039030999999999 0.00039034999999999005 
50000 0.00032074799999998676 0.3333891519999982 0.00031933599999998675 0.0003193239999999867 0.0003195199999999868 0.0003195479999999868 
60000 0.0002716333333333196 0.33335545333333416 0.0002698199999999865 0.00026979666666665324 0.0002700166666666532 0.0002702133333333198 
70000 0.00023747428571427206 0.33330566571428505 0.00023480285714284367 0.0002347771428571294 0.0002350799999999865 0.0002352914285714152 
80000 0.00021186749999998664 0.33334128500000015 0.00020780499999998713 0.00020778249999998716 0.00020818999999998718 0.000208697499999987 
90000 0.00019261999999998732 0.3333812488888889 0.00018705777777776612 0.0001870444444444327 0.00018774222222221057 0.00018840888888887718 
100000 0.00017624599999998842 0.3332735659999999 0.0001694939999999894 0.0001694399999999894 0.00017024599999998968 0.00017134799999998933 
