10000 0.08093404000000003 0.30687561999999924 0.05414640000000009 0.03761479999999995 0.06036425999999997 0.08071591999999995 
20000 0.08062280000000027 0.3067435999999987 0.053705679999999915 0.03654872999999994 0.05996519000000008 0.08055705999999997 
30000 0.08057853999999993 0.3067615466666664 0.05361096666666664 0.03617852000000004 0.059892153333333274 0.08054282666666672 
40000 0.0804919249999998 0.30676466499999866 0.053514140000000064 0.03597978999999986 0.05979030000000008 0.08043026499999993 
50000 0.08050849600000011 0.3067261959999993 0.05351483200000012 0.03587563600000004 0.05981154000000006 0.08042885200000008 
60000 0.08050365333333341 0.3067227300000006 0.053496469999999845 0.035796526666666634 0.05978498999999986 0.08044805333333332 
70000 0.08049889142857129 0.3067556314285716 0.053473368571428655 0.035728622857143025 0.059777528571428554 0.08044864571428553 
80000 0.08047164999999964 0.30671726999999904 0.053450577500000054 0.03567833750000002 0.05974981750000003 0.08044082249999983 
90000 0.08042963333333347 0.30673715777777744 0.05341151555555572 0.03561802222222229 0.05970719999999994 0.08040908222222228 
100000 0.08042119200000014 0.3067491119999997 0.05340670000000004 0.03559683799999992 0.059711668000000176 0.08039664000000016 
