10000 0.002556300000000001 0.33341165999999994 0.0015352399999999586 0.0014744599999999665 0.0017803199999999937 0.0022357399999999986 
20000 0.0020954999999999386 0.3334054600000013 0.0009988699999999976 0.0009088099999999829 0.0012989200000000022 0.001919869999999995 
30000 0.0019322866666666224 0.33329848000000034 0.0008228733333333361 0.0007179466666666662 0.0011389866666666637 0.0018212800000000032 
40000 0.0018405849999999961 0.33328176500000134 0.0007300900000000006 0.0006197450000000044 0.0010506199999999963 0.0017522250000000035 
50000 0.0017976279999999966 0.3333474999999984 0.0006772479999999984 0.0005608760000000029 0.0010035199999999943 0.0017148079999999885 
60000 0.0017649166666666644 0.33332418333333336 0.0006401433333333311 0.0005216766666666664 0.000969439999999998 0.0016994533333333291 
70000 0.001737300000000011 0.333366011428571 0.0006154199999999983 0.0004946885714285697 0.0009459057142857152 0.0016891114285714289 
80000 0.0017179275000000203 0.3332922024999994 0.0005952824999999987 0.00047277249999999615 0.0009278124999999999 0.0016760500000000031 
90000 0.0017038733333333475 0.33336313111111 0.0005800444444444431 0.00045645777777777796 0.000913548888888885 0.001664162222222226 
100000 0.0016910300000000085 0.33328106200000046 0.0005661359999999975 0.0004424620000000001 0.0009017779999999943 0.0016487860000000023 
