10000 0.8026877999999943 0.9753051599999986 0.8026474999999956 0.8025770599999944 0.802641559999993 0.8027364999999929 
20000 0.8025705899999904 0.9753232600000064 0.8025757999999938 0.8024814099999956 0.8025779599999945 0.802590369999993 
30000 0.8024750999999993 0.9752873600000012 0.8024780733333349 0.802464660000001 0.8024821666666659 0.8024926266666665 
40000 0.8025189049999999 0.975294875000001 0.8025206949999986 0.8024942349999997 0.8025182899999984 0.802509915 
50000 0.8025142559999969 0.9753027360000008 0.8025040439999966 0.8024825279999999 0.8025259719999954 0.802504003999999 
60000 0.8025246566666672 0.9753098366666695 0.8025345600000003 0.8025077466666646 0.802520949999999 0.8025057466666655 
70000 0.8025270628571433 0.9753022685714263 0.802529454285714 0.8025121314285725 0.8025315142857162 0.8025142685714307 
80000 0.8025052449999985 0.9753077450000012 0.8025045100000011 0.8024686475000015 0.8024861200000009 0.8024737300000001 
90000 0.8024721355555524 0.9753082622222224 0.8024851266666652 0.8024611444444439 0.802491951111111 0.802503208888889 
100000 0.8024815400000014 0.9752935860000008 0.8024749619999973 0.802463363999999 0.8024922079999995 0.8024641199999998 
