10000 0.5655004000000013 0.7220619400000025 0.5163068599999986 0.38133344000000025 0.5344905999999997 0.5654765399999997 
20000 0.5655315700000019 0.7221374400000027 0.5162955299999993 0.38024346000000214 0.5345016100000024 0.5654688100000017 
30000 0.5654223800000014 0.7220284066666658 0.5161469866666633 0.3797803600000018 0.534354613333329 0.5653604866666683 
40000 0.5654676550000023 0.7221617199999981 0.5161979399999995 0.3796323750000015 0.5343984949999999 0.5654571800000014 
50000 0.5653665840000007 0.7220497000000008 0.5160862759999992 0.3794376120000017 0.5343201399999988 0.5653678399999992 
60000 0.5653722433333329 0.7220761199999979 0.5160765600000006 0.37934323333333364 0.5343046366666654 0.5653780966666652 
70000 0.5653395742857138 0.7220527142857158 0.5160293028571433 0.37927829428571425 0.5342722657142868 0.5653564685714283 
80000 0.5653783049999997 0.7220781375 0.5160986424999995 0.379301455000001 0.5343228875000001 0.5653994350000007 
90000 0.565355951111111 0.7220680888888885 0.5160418288888889 0.37920530888889004 0.5342710511111115 0.5653726511111107 
100000 0.5653790420000002 0.7220779419999983 0.5160908119999988 0.3791912219999987 0.5343155919999985 0.5653681480000005 
