10000 0.0013619399999999819 0.3333139600000014 0.0013594599999999814 0.0013594599999999814 0.0013598399999999817 0.0013598599999999812 
20000 0.0007476100000000098 0.33333455000000084 0.0007321800000000076 0.0007321600000000075 0.000734120000000009 0.0007359400000000094 
30000 0.0005399600000000001 0.3333415066666658 0.00050891333333333 0.0005085999999999963 0.0005128066666666653 0.0005181199999999993 
40000 0.0004411599999999975 0.33334869000000156 0.00039264499999999084 0.00039205999999999074 0.0003989599999999952 0.0004070699999999955 
50000 0.0003825479999999959 0.3332761119999994 0.0003218239999999895 0.000320891999999989 0.0003301159999999934 0.0003438879999999934 
60000 0.0003429299999999957 0.3333022633333327 0.0002734299999999888 0.0002724699999999885 0.0002835833333333263 0.0003015866666666601 
70000 0.0003160542857142816 0.33332848000000015 0.0002390399999999889 0.00023765999999998872 0.00025056571428570763 0.0002718657142857078 
80000 0.0002957024999999962 0.3333366224999989 0.00021308999999999068 0.0002113624999999899 0.00022598749999999486 0.00025214749999999354 
90000 0.000278435555555551 0.33335792444444495 0.00019269777777776865 0.00019071555555554554 0.0002064288888888839 0.00023766888888888406 
100000 0.00026503999999999444 0.33328302799999926 0.00017679599999999266 0.0001743479999999919 0.00019143199999999646 0.0002247939999999956 
