10000 0.6225504199999985 0.6582157000000017 0.5918219799999989 0.45420423999999937 0.6078890600000006 0.6224930399999976 
20000 0.622532189999998 0.6582600800000027 0.5917771999999963 0.45388617000000014 0.6078642800000021 0.6225681499999979 
30000 0.6224937066666667 0.658281899999998 0.5917037466666688 0.45368010666666375 0.6077830600000016 0.6224417066666651 
40000 0.6224265650000003 0.6582043499999987 0.5916776600000003 0.4535592799999998 0.6077397049999992 0.6223853749999986 
50000 0.6224538160000005 0.6582692760000023 0.5916737039999984 0.45353516800000143 0.6077258400000011 0.6223870359999994 
60000 0.6223901800000021 0.6582520766666672 0.5916516866666675 0.4535016366666667 0.6076962833333318 0.6224267533333342 
70000 0.6225065257142848 0.6583215742857155 0.5917321228571412 0.45351842285714294 0.6078081771428561 0.6225066485714302 
80000 0.6223983474999981 0.6582373799999982 0.5916213324999996 0.4534621075 0.6076869749999981 0.6224157749999994 
90000 0.6224507155555565 0.6582729444444442 0.5916781444444443 0.45348591555555556 0.6077250711111098 0.6224857333333342 
100000 0.6224267340000006 0.6582313039999977 0.5916453780000029 0.45343441200000045 0.6077290479999985 0.6224155419999994 
