10000 0.1313534999999997 0.30088387999999916 0.09171081999999986 0.06376392000000004 0.10452168000000014 0.1312197399999994 
20000 0.13134818000000004 0.3009587900000019 0.09157727000000006 0.06317065999999984 0.10443623000000007 0.13125276999999996 
30000 0.13118394000000008 0.3008908666666664 0.09144130666666615 0.06292073333333348 0.10430040000000008 0.13115899333333306 
40000 0.13124972500000007 0.30092367500000106 0.09146972500000014 0.06284183999999993 0.10433982000000021 0.13118047500000013 
50000 0.1311435359999994 0.30088635200000013 0.09137220799999991 0.06275744399999997 0.10423953200000009 0.13116334400000004 
60000 0.13112798000000023 0.30090213666666643 0.09135894333333337 0.06269419666666669 0.10423260333333334 0.13110073999999966 
70000 0.13115847999999966 0.30087272285714234 0.09137331428571434 0.06268653428571418 0.10423250857142848 0.13112333714285732 
80000 0.1311730874999992 0.30095721249999935 0.09138837500000002 0.062680035 0.10425768500000013 0.13116233249999934 
90000 0.1311448666666663 0.30088305111111097 0.09135290222222234 0.06264842222222229 0.10422832444444435 0.13110767999999967 
100000 0.1311338940000001 0.3009002120000001 0.09133906999999981 0.06261555999999968 0.10421511600000001 0.1311358720000001 
