10000 0.10875825999999963 0.3036998799999994 0.07441075999999965 0.0514549999999998 0.08404887999999999 0.10861766000000025 
20000 0.10857753999999972 0.3036119400000013 0.07412173 0.05063377999999993 0.08380122000000001 0.1084734699999998 
30000 0.10844906666666691 0.30362462666666495 0.07399199999999996 0.050359379999999974 0.08367325333333336 0.10840231999999982 
40000 0.108399715 0.3036083600000004 0.07392641499999986 0.050187484999999935 0.08362448499999989 0.10834974500000019 
50000 0.10839609199999992 0.3036334280000012 0.07391423999999991 0.05011792800000017 0.08360945999999982 0.10838632399999999 
60000 0.10840122333333284 0.30361894000000145 0.07391860000000028 0.05006195333333334 0.08361423999999978 0.10836343333333372 
70000 0.10839630285714306 0.3036422400000007 0.07390221999999982 0.050010008571428524 0.08359875142857136 0.10835701142857171 
80000 0.10839688999999983 0.30364230999999975 0.07389287499999997 0.049995170000000054 0.08359181000000002 0.10836017749999989 
90000 0.10837193555555542 0.3036469511111106 0.0738745888888891 0.04996090000000004 0.08357763333333348 0.10835787555555532 
100000 0.1083671100000005 0.3036590900000005 0.07386537400000012 0.04993261000000005 0.08357082400000003 0.108342442 
