10000 0.5097845800000036 0.7665176399999994 0.45092631999999977 0.3300836600000006 0.4677408400000015 0.5096412800000015 
20000 0.5096005300000005 0.7665579499999989 0.4507049800000006 0.32797098999999985 0.46748746999999874 0.5095197400000018 
30000 0.5093454400000004 0.7664427133333324 0.45045925333333037 0.3271015399999996 0.467229080000001 0.5093107600000008 
40000 0.5094169649999988 0.7664725699999984 0.4505147449999984 0.3267954599999997 0.4672732149999987 0.5094017199999995 
50000 0.5094435919999999 0.7664707039999995 0.45052104000000015 0.3265116080000012 0.46728435600000034 0.5094278640000003 
60000 0.5094578000000013 0.7664916133333315 0.45055872333333435 0.32641270000000094 0.46731779333333245 0.5094305333333314 
70000 0.5094334257142851 0.7665112942857136 0.45051376000000026 0.3262179171428573 0.4673026828571427 0.5094273285714273 
80000 0.5094556024999997 0.7665087049999973 0.4505350199999998 0.32616484499999865 0.46730005999999974 0.5094260374999987 
90000 0.5093944577777767 0.7664941733333318 0.4504709266666673 0.326021742222222 0.46724684666666394 0.5093863977777793 
100000 0.5093991339999996 0.7664686179999985 0.45047949600000015 0.32599907199999983 0.4672286519999983 0.5094133480000016 
