10000 0.5201043399999998 0.759024540000004 0.46231171999999876 0.33867326000000003 0.47955752000000046 0.5200706799999989 
20000 0.5200185999999982 0.7590571000000063 0.46216417999999904 0.3368181599999999 0.4794071800000007 0.5199770099999993 
30000 0.519968686666668 0.7590659599999993 0.4620967266666678 0.3360710466666681 0.4793906200000007 0.5199300333333334 
40000 0.5198532800000009 0.759031745000001 0.4619684349999987 0.33569760500000073 0.47923016500000015 0.519877729999998 
50000 0.5199709920000012 0.7590690200000026 0.46209000800000016 0.3355411679999983 0.47934872400000006 0.51994722 
60000 0.5198856800000021 0.7590488666666663 0.4619823100000007 0.33533406333333254 0.47927778333333226 0.5198486733333336 
70000 0.5199419457142865 0.7590390142857146 0.462048528571429 0.3352641142857141 0.4793423914285706 0.5199410571428563 
80000 0.5198878800000003 0.7590237224999998 0.4619460025000005 0.3351022250000009 0.47924099250000124 0.5198530375000007 
90000 0.5198572266666673 0.7589939755555531 0.4619611733333323 0.33502312222222136 0.47921330888888836 0.5198430111111122 
100000 0.5199092879999999 0.7590546660000007 0.46199851800000014 0.33503226400000036 0.4792902720000006 0.5199054440000017 
