10000 0.08094374000000001 0.30673976000000014 0.05413645999999982 0.03764680000000006 0.06037768000000008 0.08073612000000015 
20000 0.08060540000000013 0.306768419999999 0.053682090000000036 0.036524480000000026 0.0599565700000002 0.08053508000000015 
30000 0.08054176666666643 0.3067205866666671 0.053597019999999856 0.036160879999999965 0.05988774666666679 0.08048018000000005 
40000 0.08051539000000008 0.3067440599999985 0.05354277499999988 0.03597879000000009 0.0598422200000001 0.08046080999999987 
50000 0.08048499199999994 0.30678475199999894 0.05349312799999992 0.03585835600000008 0.05979760799999995 0.08043897600000005 
60000 0.0804881900000002 0.3067839566666669 0.053480523333333294 0.03577410333333334 0.059782366666666434 0.08046484333333352 
70000 0.08044426571428563 0.3067746199999998 0.05344464285714279 0.0357104571428572 0.059750731428571235 0.08040446571428572 
80000 0.08047067250000005 0.30677968250000065 0.05345424749999998 0.03568665000000001 0.059753792500000256 0.08044362499999987 
90000 0.08045365333333344 0.30675199333333364 0.05342971111111131 0.03563841555555547 0.05973544888888884 0.08043015999999993 
100000 0.08045394600000005 0.3067823479999999 0.05343613600000016 0.035611571999999966 0.05973970599999997 0.08042175800000005 
