10000 0.0717502200000003 0.3077981000000002 0.047695840000000087 0.03337514000000003 0.05290411999999985 0.07148974000000008 
20000 0.07142902999999984 0.3077601699999993 0.04723955000000008 0.0321990499999999 0.05249535000000027 0.0713136499999997 
30000 0.07144079333333332 0.3077360399999994 0.0471694533333332 0.03184486666666684 0.052438546666666745 0.07138824000000003 
40000 0.0713524600000001 0.30774211999999845 0.0470699 0.03159427500000001 0.05236329000000008 0.07130162999999987 
50000 0.07135520000000006 0.3077525999999989 0.04704724800000015 0.031476696000000096 0.0523453239999999 0.07130474000000017 
60000 0.07131675666666679 0.30773371666666455 0.04700298999999993 0.03136404666666659 0.05230253666666657 0.0712593166666667 
70000 0.07132150857142876 0.307773291428571 0.04698731714285716 0.03131009142857146 0.052288400000000096 0.0712902342857141 
80000 0.07124548250000025 0.30773433999999916 0.046933959999999976 0.031239435000000138 0.05223521500000007 0.07122669000000022 
90000 0.07128172222222214 0.3077448866666673 0.046952373333333366 0.031213439999999995 0.0522623466666665 0.07125922666666672 
100000 0.0712575539999998 0.3077091619999998 0.04693593599999996 0.031180573999999996 0.05224581399999994 0.07124507000000026 
