10000 0.08091336000000017 0.3067084399999995 0.05408478000000007 0.03756327999999989 0.06032224000000007 0.08071734000000035 
20000 0.0806544900000001 0.3067257699999999 0.05373084000000002 0.03654477000000003 0.060009340000000154 0.08057393000000013 
30000 0.08062033333333306 0.30679683333333285 0.05364945333333341 0.03620121333333349 0.05992118666666669 0.08055125333333318 
40000 0.08053509500000013 0.30683768499999853 0.05354164000000012 0.03598215000000001 0.059822660000000236 0.080452455 
50000 0.08050382800000006 0.3067924279999992 0.05350638800000002 0.035874520000000076 0.059799923999999935 0.08047840799999996 
60000 0.08044016999999998 0.30676929333333297 0.05344373333333339 0.03575826333333331 0.059731480000000066 0.08044637666666668 
70000 0.08048155428571402 0.30672811714285775 0.05347264857142872 0.03572988285714275 0.05976835142857156 0.0804709228571428 
80000 0.08044612249999984 0.3067523975000005 0.05344297249999988 0.035667462500000024 0.05973434250000029 0.08043252999999988 
90000 0.08044967777777792 0.3067386266666664 0.05343384222222215 0.0356385222222222 0.05972700666666683 0.08040540666666667 
100000 0.08041069599999981 0.30675861199999993 0.053397009999999925 0.035590515999999905 0.059693233999999956 0.08038805999999991 
