10000 0.09274488 0.3054638399999999 0.0625858000000002 0.043275659999999966 0.07018948000000007 0.0926050400000001 
20000 0.09256672000000014 0.3054737800000002 0.062299359999999866 0.04240025000000023 0.06995768000000008 0.09243454999999988 
30000 0.09245692000000011 0.305497946666666 0.06217119999999996 0.04206351333333325 0.06983461999999996 0.09242196666666685 
40000 0.0923950450000002 0.30546295999999923 0.06208213499999997 0.04187621000000017 0.06976550499999973 0.09233792999999989 
50000 0.09242170799999969 0.3054943680000012 0.06208107599999996 0.04178007199999985 0.06976735199999992 0.09238463199999992 
60000 0.0923405366666666 0.30546186333333336 0.0620278399999999 0.041692350000000024 0.06970691666666665 0.09228625333333335 
70000 0.09236656285714268 0.3054422971428565 0.062041485714285693 0.04165484571428561 0.06972348285714285 0.0923374714285712 
80000 0.09231585249999999 0.3054305349999993 0.061989969999999846 0.0415967750000001 0.06967557249999967 0.09230023749999988 
90000 0.09230713555555564 0.30542084666666636 0.061983873333333425 0.041558651111111136 0.0696633733333333 0.09228045333333337 
100000 0.0923398899999998 0.30544274799999954 0.061994911999999895 0.04155103200000012 0.06967382799999983 0.09231887999999992 
