10000 0.8026877999999943 0.9753051599999986 0.8026474999999956 0.8025770599999944 0.8026857199999926 0.8026053799999927 
20000 0.8025705899999904 0.9753232600000064 0.8025757999999938 0.8024814099999956 0.8025830699999942 0.8025197699999895 
30000 0.8024750999999993 0.9752873600000012 0.8024780733333349 0.802464660000001 0.8024867199999963 0.8025027866666665 
40000 0.8025189049999999 0.975294875000001 0.8025206949999986 0.8024942349999997 0.8025338249999995 0.8025141949999997 
50000 0.8025142559999969 0.9753027360000008 0.8025040439999966 0.8024825279999999 0.8024945999999935 0.8025137119999979 
60000 0.8025246566666672 0.9753098366666695 0.8025345600000003 0.8025077466666646 0.8025243099999997 0.8024954599999996 
70000 0.8025270628571433 0.9753022685714263 0.802529454285714 0.8025121314285725 0.8025245314285714 0.8025200057142866 
80000 0.8025052449999985 0.9753077450000012 0.8025045100000011 0.8024686475000015 0.8024927175000018 0.8024879300000007 
90000 0.8024721355555524 0.9753082622222224 0.8024851266666652 0.8024611444444439 0.802483111111111 0.8024967155555566 
100000 0.8024815400000014 0.9752935860000008 0.8024749619999973 0.802463363999999 0.802474764 0.802456752 
