10000 0.10875061999999998 0.30375481999999904 0.07438337999999989 0.05140209999999993 0.08404078000000034 0.1086202600000001 
20000 0.10857029999999995 0.3036700099999994 0.07411241999999997 0.050666189999999896 0.08381074999999986 0.10851497000000004 
30000 0.10847511333333375 0.3036450466666663 0.07402728666666687 0.05034994666666681 0.08371163999999978 0.10842520000000017 
40000 0.10844974500000006 0.3036630450000006 0.0739512849999999 0.05022167999999984 0.08367118000000028 0.10841287499999992 
50000 0.10839145200000025 0.3036017000000005 0.07392710000000002 0.05011292399999986 0.0836342079999998 0.10838559600000018 
60000 0.10841416333333313 0.3036719933333338 0.0739177066666667 0.05006284000000016 0.08361914666666691 0.10836990666666668 
70000 0.10838342285714252 0.30361900857142754 0.07389430571428562 0.05001168285714297 0.08360116571428547 0.10838231999999967 
80000 0.10839043749999987 0.30366680499999954 0.07389060999999997 0.04998945999999999 0.08359335999999996 0.10836910750000006 
90000 0.10837487111111113 0.3036340022222214 0.07387683333333346 0.04995891555555555 0.08358686444444433 0.10836329333333353 
100000 0.10839429000000043 0.30365883800000004 0.07388862399999983 0.04994363399999997 0.08359848 0.10835944200000022 
