10000 0.5655086200000008 0.7221231800000003 0.5162598400000001 0.3812708400000005 0.5343635200000008 0.5655026200000018 
20000 0.5654236200000022 0.7220692600000027 0.5161666900000002 0.3801727700000026 0.5343597800000025 0.5653846100000036 
30000 0.5653189600000001 0.7220316466666681 0.5160352866666646 0.3796945333333373 0.5342910199999974 0.5653117600000016 
40000 0.5653257050000003 0.7220542900000009 0.5160544800000003 0.3795614600000017 0.5342966100000006 0.5653960849999999 
50000 0.5652908840000018 0.7220478960000022 0.5160064560000001 0.3793951400000016 0.5342162840000005 0.5652702680000027 
60000 0.5653917699999991 0.7220752033333356 0.5161161533333332 0.37938426999999886 0.5343413099999994 0.5654054133333324 
70000 0.5653375342857143 0.7220151657142848 0.5160641799999997 0.379274882857143 0.5342850685714301 0.565338468571428 
80000 0.565354874999999 0.7220854300000007 0.5160613975000007 0.37926459000000134 0.5343028175000005 0.5653408974999996 
90000 0.5653590422222233 0.7220316155555566 0.5160881377777765 0.3792467977777784 0.5343012222222204 0.565341884444444 
100000 0.5653460359999996 0.7220530619999989 0.51604966 0.37920909400000014 0.5342965759999988 0.5653475960000007 
