10000 0.018332880000000027 0.33343384000000015 0.008072779999999963 0.006010219999999992 0.012059779999999994 0.01812798000000001 
20000 0.01793957999999993 0.3334705800000011 0.007703979999999997 0.00560263999999998 0.011740180000000017 0.01785971999999995 
30000 0.017805953333333274 0.33331462000000006 0.007564913333333351 0.005461940000000021 0.01160553333333334 0.017738959999999977 
40000 0.017755504999999932 0.3333037350000021 0.007519264999999995 0.0054007200000000056 0.01155839499999999 0.017722479999999933 
50000 0.017722319999999993 0.33327408799999925 0.007484155999999996 0.005361391999999991 0.011525551999999982 0.017688099999999977 
60000 0.017714523333333322 0.33330314666666594 0.007470459999999987 0.005340476666666666 0.011512336666666673 0.017694113333333376 
70000 0.017697377142857195 0.3333415000000008 0.007445251428571424 0.005314911428571418 0.011492339999999993 0.01766665999999999 
80000 0.017703369999999982 0.33329707999999963 0.007443622500000013 0.005309000000000002 0.011491075 0.017652892500000003 
90000 0.01769850222222227 0.33332694888888786 0.0074385511111111 0.005300166666666667 0.011491455555555552 0.017680180000000004 
100000 0.017665622000000002 0.3333501239999996 0.007414362000000032 0.005283477999999989 0.011464935999999995 0.01765785400000007 
