10000 0.07175657999999985 0.3077464199999991 0.0476935599999999 0.03337595999999995 0.052922819999999794 0.07154670000000002 
20000 0.07147001999999973 0.3077013999999994 0.04726768000000003 0.03221172999999991 0.05253284000000002 0.07135691999999996 
30000 0.07141352666666655 0.3077205666666651 0.04714418666666658 0.03181142 0.05244458666666667 0.0712893199999999 
40000 0.07134035000000015 0.3077430599999982 0.04706258000000005 0.03159647999999994 0.052356639999999934 0.07129173999999999 
50000 0.0713377360000001 0.3077773039999992 0.04703688400000028 0.03146693999999995 0.05233867199999988 0.0712933520000001 
60000 0.07127830333333353 0.30770356999999865 0.046977383333333594 0.03136404666666675 0.052281273333333315 0.0712469533333334 
70000 0.07127761714285695 0.30770445714285694 0.04695760571428572 0.03129262857142858 0.052265062857142816 0.07123251428571431 
80000 0.07126671000000011 0.3076897625000002 0.04694967500000004 0.031239229999999958 0.05224980750000015 0.07120955750000012 
90000 0.071266111111111 0.30769921555555474 0.04693808444444444 0.03119892666666668 0.05224604666666688 0.07123232888888886 
100000 0.07124548999999994 0.3076933899999996 0.04693248200000007 0.031180180000000068 0.05224159799999987 0.0712258460000002 
