10000 0.5097871000000013 0.7665563400000022 0.4509343000000015 0.33009296000000055 0.46770259999999997 0.5097028599999996 
20000 0.5095095600000035 0.7664892899999987 0.45064587999999933 0.32796894999999926 0.46741463999999805 0.5095273600000001 
30000 0.5094721800000016 0.766516020000001 0.45054858666666553 0.32722016000000015 0.4673259666666669 0.5094334733333324 
40000 0.5094777899999983 0.7664818749999995 0.4505601099999995 0.3268392199999991 0.4673185349999993 0.5094527699999977 
50000 0.5094870799999999 0.7665017719999996 0.45059994399999964 0.32657088400000067 0.4673662759999984 0.5095195399999997 
60000 0.5093345333333327 0.7664518033333355 0.45044155666666696 0.32627778333333424 0.4672087166666661 0.5093368966666673 
70000 0.5093831171428574 0.7664519971428564 0.45047909142857145 0.32621755142857145 0.46725081142856917 0.5093748428571435 
80000 0.5093414799999993 0.7664753349999989 0.45041970249999974 0.3260893875000006 0.4671935750000013 0.5093732800000004 
90000 0.5094373244444439 0.7664937600000001 0.45051411333333363 0.32606577999999986 0.4672831688888881 0.5094200022222227 
100000 0.5093391960000008 0.7664724500000013 0.45043280000000074 0.32596288799999923 0.4672149000000009 0.509362409999999 
