10000 0.8064506199999967 0.9354539199999957 0.8064740799999923 0.8064841199999907 0.8064590199999953 0.806468879999998 
20000 0.8065841099999961 0.9355153299999983 0.8065815499999958 0.8065149499999948 0.8065881099999952 0.8065320399999911 
30000 0.8064774533333307 0.9354729733333363 0.8064758533333315 0.8064428533333344 0.8064884533333306 0.806474546666664 
40000 0.8064764050000008 0.9354987500000002 0.8064985000000036 0.8064751749999989 0.8064925399999985 0.8065131399999991 
50000 0.8064837880000026 0.9355026080000015 0.806484 0.8064922640000002 0.8064825680000011 0.8064770479999983 
60000 0.8064392866666649 0.9354682500000029 0.8064475633333323 0.8064729200000024 0.8064786866666674 0.8064450599999976 
70000 0.8065016199999999 0.9354961828571459 0.8065128571428541 0.8064661199999991 0.8065144057142851 0.8065229485714274 
80000 0.8064571199999978 0.9354658399999991 0.8064442474999974 0.8064517025000005 0.8064751949999972 0.8064662750000015 
90000 0.8064310155555546 0.9354904177777812 0.8064308755555559 0.806478908888887 0.8064402488888873 0.8064467533333355 
100000 0.8064422200000023 0.9354900320000028 0.8064380739999969 0.806461491999999 0.806438299999997 0.8064350980000007 
