UpdateList
6
MTF TRANS FC BIT TS Combination 
1
Uni 
30 
3000 43492 43499 43458 43384 43425 43443 
3500 50787 50538 50655 50728 50686 50793 
4000 57734 57801 57920 57694 57725 57693 
4500 65197 65247 65385 65177 65174 65256 
5000 72515 72374 72645 72438 72544 72428 
5500 79861 79733 79748 79682 79810 79909 
6000 87243 87417 87292 87202 87105 87183 
6500 94067 94344 93937 94049 93957 94018 
7000 101138 101431 101553 101313 101110 101323 
7500 108906 108930 108643 108782 108822 108799 
8000 116023 116118 115971 115961 115832 115945 
8500 123151 123181 123240 123403 123348 123279 
9000 130488 130244 130664 130465 130478 130523 
9500 137909 137999 137941 137744 137796 137863 
10000 144989 144868 145030 145090 145048 145006 
10500 152181 152594 152516 152012 152129 151935 
11000 159507 159705 159658 159466 159667 159686 
11500 166806 166938 167068 166762 166665 166722 
12000 173776 174137 174114 173898 174062 173757 
12500 181277 181532 181316 181570 181220 181336 
