10000 0.8039646799999955 0.9608027399999992 0.8039658799999929 0.8040883999999926 0.8040064999999936 0.8039822599999947 
20000 0.8039200799999942 0.960762819999995 0.8039234699999965 0.8040131999999937 0.8039216899999952 0.8039676799999954 
30000 0.8040085466666677 0.9607742799999953 0.804042973333331 0.803901680000001 0.8040026199999983 0.8040313199999995 
40000 0.8039358650000007 0.9607775500000005 0.8039417099999979 0.803968230000001 0.803920985000001 0.8039312399999989 
50000 0.8039017320000009 0.9607730240000023 0.8039035559999964 0.8039825239999997 0.8039195959999994 0.8038958959999973 
60000 0.8039425866666653 0.9607732266666668 0.8039278633333301 0.8039213999999996 0.8039270233333264 0.8039483766666663 
70000 0.803926439999998 0.96079900857143 0.8039321171428588 0.8039444714285717 0.8039501114285742 0.8039228085714272 
80000 0.8039306274999997 0.9607906100000013 0.8039253449999983 0.8039225625000012 0.8039306975000001 0.8039300600000012 
90000 0.8038994777777784 0.9607802244444431 0.8039087355555572 0.8039102600000014 0.803916953333334 0.8039175400000007 
100000 0.8039396100000049 0.9607822440000017 0.8039338800000055 0.803920756000001 0.8039337759999998 0.803929455999998 
