10000 0.8049756399999934 0.9512399800000118 0.8049618399999958 0.8048834399999909 0.8049877999999933 0.8049397999999935 
20000 0.8049726599999933 0.951231400000005 0.8049793799999924 0.8049452899999944 0.8050016299999924 0.804940829999995 
30000 0.8048858266666666 0.9511986466666661 0.8049079799999962 0.804887226666663 0.8049249266666656 0.8048996199999984 
40000 0.8048914850000004 0.9512104900000037 0.8049081500000003 0.8049149849999994 0.8049104050000012 0.804966839999997 
50000 0.8049091799999999 0.9512407079999996 0.8049246799999987 0.8049104399999978 0.8049396839999997 0.804929312000004 
60000 0.8048924899999975 0.9512378399999945 0.8049003033333323 0.8049170999999956 0.804905006666665 0.8049009066666647 
70000 0.8049012857142841 0.9512243000000017 0.8048932885714254 0.8049194542857142 0.8048805371428565 0.80485772 
80000 0.8048895674999977 0.951216832500001 0.8048905325000015 0.8048664899999995 0.8049022549999987 0.8048663775000013 
90000 0.8048839377777752 0.9512128511111124 0.8048923466666663 0.8048947111111106 0.8048993866666663 0.8048999644444456 
100000 0.8048679760000019 0.9512156799999968 0.804848932000001 0.8048999460000036 0.804864766000001 0.8048517580000001 
