10000 0.002570859999999997 0.33346252 0.0015416399999999665 0.0014781399999999687 0.0017842199999999887 0.0022442600000000153 
20000 0.0021000799999999495 0.3332807100000011 0.0010023899999999912 0.0009091199999999839 0.0013008000000000006 0.0019259500000000037 
30000 0.0019343999999999588 0.333336646666666 0.0008234333333333316 0.0007178799999999963 0.0011382800000000021 0.0018102933333333311 
40000 0.001846259999999998 0.3332664250000017 0.0007300850000000018 0.000618880000000003 0.0010502849999999978 0.0017479800000000008 
50000 0.001793863999999989 0.33340278399999884 0.0006771319999999999 0.0005622240000000024 0.0010031279999999977 0.0017141399999999925 
60000 0.001763893333333328 0.3333377166666674 0.0006417999999999952 0.0005222700000000011 0.0009694633333333312 0.0016939700000000012 
70000 0.001737331428571445 0.33337272571428644 0.0006168571428571411 0.0004946114285714266 0.0009466514285714288 0.0016939914285714253 
80000 0.0017165525000000126 0.33334802500000044 0.000593577499999998 0.00047137249999999796 0.0009240499999999972 0.0016654450000000048 
90000 0.0017023333333333523 0.3333576688888896 0.0005790444444444425 0.0004566111111111114 0.000912468888888887 0.001658086666666667 
100000 0.0016917160000000132 0.3333317380000003 0.0005661379999999997 0.0004421260000000017 0.0009005099999999959 0.001647402000000007 
