UpdateList
6
MTF TRANS FC BIT TS Combination 
1
Hrm 
30 
3000 25993 19806 19358 25175 22880 25035 
3500 30362 23244 22662 29515 26784 29226 
4000 34734 26603 25873 33669 30631 33411 
4500 39135 29866 29038 37990 34416 37733 
5000 43362 33209 32183 42034 38151 41656 
5500 47816 36629 35435 46252 42079 46085 
6000 52313 39963 38618 50658 45951 50307 
6500 56591 43386 41852 54870 49845 54568 
7000 60366 46308 44659 58561 53224 58223 
7500 65270 49796 48031 63121 57234 62790 
8000 69354 53066 51108 67263 61014 66679 
8500 74058 56746 54621 71780 65169 71310 
9000 78365 60053 57789 75923 68982 75505 
9500 82723 63210 60754 80261 72612 79661 
10000 86816 66588 63984 84381 76562 83706 
10500 91528 70028 67311 88817 80566 88081 
11000 95625 73101 70148 92725 84042 92031 
11500 99719 76414 73241 96627 87757 96106 
12000 104446 80056 76753 101214 91911 100647 
12500 108415 83001 79604 105012 95303 104243 
