10000 0.0015116799999999868 0.33333002000000117 0.00136649999999998 0.0013647799999999804 0.0013872599999999735 0.0014146199999999752 
20000 0.0010236000000000336 0.3333423900000011 0.0007532400000000003 0.0007458700000000003 0.0007992499999999986 0.0008818400000000107 
30000 0.0008532400000000277 0.3333398533333338 0.0005431333333333282 0.0005305133333333264 0.0006050533333333315 0.0007300800000000037 
40000 0.0007534400000000267 0.3333552000000022 0.0004349299999999923 0.00041916499999999007 0.0005039999999999988 0.0006538949999999999 
50000 0.0006976880000000314 0.33332254799999905 0.00037189199999999476 0.00035292399999999096 0.00044466800000000066 0.0006125320000000004 
60000 0.0006576566666666976 0.33331378000000084 0.0003283599999999956 0.00030865999999999283 0.0004054466666666667 0.0005856033333333341 
70000 0.0006264828571428887 0.3333326885714271 0.0002971199999999979 0.000276082857142853 0.00037695999999999975 0.0005664571428571413 
80000 0.0006102225000000301 0.3333537300000003 0.00027541999999999996 0.00025228999999999736 0.00035689750000000153 0.0005600774999999997 
90000 0.0005932000000000292 0.333325697777777 0.00025712888888888884 0.00023324444444444348 0.0003407 0.0005404822222222201 
100000 0.00057881800000003 0.3333728680000002 0.00024259000000000005 0.00021801999999999995 0.0003270159999999996 0.0005349679999999978 
