10000 0.10874708000000015 0.30369231999999985 0.07439613999999976 0.051409559999999986 0.08403824000000007 0.10856059999999974 
20000 0.10849244999999999 0.30370404000000006 0.07406379999999997 0.05059979999999987 0.08374174000000018 0.10843255999999994 
30000 0.10844044000000029 0.3036488933333332 0.07397695333333311 0.050318680000000046 0.08367720666666707 0.10839913333333318 
40000 0.10844745500000005 0.30373201500000074 0.0739744199999998 0.050219144999999875 0.08366939499999992 0.10847131499999975 
50000 0.10838340800000024 0.3036044480000015 0.07391108400000004 0.05009931599999994 0.08360191599999987 0.1083764280000004 
60000 0.1083903466666665 0.30364125666666836 0.07390575000000002 0.050067980000000095 0.08361656333333352 0.10838110000000013 
70000 0.10836920285714273 0.30363318571428594 0.07387752000000009 0.05000572285714297 0.08357972285714274 0.1083266971428575 
80000 0.10835230500000005 0.30361844499999974 0.07385902499999994 0.04997252250000003 0.08357738000000009 0.10833457499999995 
90000 0.10838724888888872 0.30367739333333343 0.07388161333333337 0.04997165777777784 0.08359101777777772 0.10836403555555554 
100000 0.10837186600000025 0.3036421279999989 0.07386529599999998 0.049938691999999965 0.08357061599999993 0.10834718000000028 
