10000 0.13148464 0.3010718800000003 0.09176872000000054 0.06378041999999977 0.10455873999999986 0.13128757999999977 
20000 0.1311955 0.30081924999999976 0.09147455999999989 0.06311183999999999 0.10431788999999997 0.13115637000000002 
30000 0.13123895333333355 0.3009433799999993 0.0914732733333333 0.06293241333333335 0.1043300933333332 0.1311830000000003 
40000 0.1311478199999991 0.30087653500000106 0.0914020149999999 0.06281274000000002 0.10425638999999999 0.1311371200000002 
50000 0.13118718399999976 0.30090228000000113 0.09141841599999989 0.06276299999999978 0.10428199999999985 0.13114359599999992 
60000 0.13115692666666698 0.30089384333333197 0.0913842133333333 0.06270464999999995 0.10424427333333348 0.13113976000000008 
70000 0.13117336285714265 0.3009045542857143 0.0914003542857146 0.06269320571428584 0.10426249714285697 0.13116160285714298 
80000 0.1311567399999994 0.3009314824999998 0.09137242249999972 0.06266872000000004 0.10425090750000009 0.1311647349999996 
90000 0.13117169999999978 0.300921364444444 0.09137968666666677 0.0626652355555555 0.1042565355555556 0.13114679555555564 
100000 0.13114170199999972 0.3008810579999998 0.09136028200000039 0.06262901200000008 0.10422885600000001 0.13114074599999978 
