10000 0.8029260799999924 0.9718027799999948 0.8029238199999948 0.8029919399999946 0.8028976399999949 0.8029408399999958 
20000 0.8028585299999941 0.9718677700000009 0.8028624999999938 0.8029051999999958 0.8028111599999944 0.8029089699999921 
30000 0.8028582533333304 0.9718438333333316 0.8028356266666681 0.8029200066666676 0.8028242933333358 0.8028368066666672 
40000 0.8028890349999996 0.9718440149999946 0.8028834949999976 0.802820664999998 0.8028641050000007 0.8028817499999982 
50000 0.8028333199999977 0.971834188000002 0.8028404919999987 0.8028406479999969 0.8028390440000003 0.8028211119999974 
60000 0.8028289499999994 0.9718360999999994 0.8028220333333344 0.8028239766666656 0.8028392400000025 0.802880513333331 
70000 0.8028558228571405 0.9718274942857164 0.8028628114285714 0.8028131371428611 0.8028500542857143 0.8028413457142869 
80000 0.8028295025000005 0.9718307849999981 0.8028208525000016 0.8028280475000019 0.8028346825000027 0.8028516475000008 
90000 0.8028201644444424 0.9718356866666694 0.8028235288888905 0.8028208622222225 0.8028329666666678 0.8028291644444449 
100000 0.8028164760000005 0.971824634000004 0.8028237919999978 0.8028126739999986 0.802821627999998 0.8028053379999986 
