10000 0.06454702000000005 0.3084464799999986 0.04271925999999985 0.03016049999999996 0.04719062000000005 0.06425862000000007 
20000 0.06422283999999988 0.30856744999999913 0.04222375000000002 0.028905429999999944 0.046749650000000045 0.06405979999999992 
30000 0.06411108666666666 0.3084792399999995 0.042083406666666615 0.028451766666666756 0.046626753333333285 0.06403702000000003 
40000 0.06407925000000009 0.3084490849999977 0.042020640000000074 0.028224630000000007 0.046578859999999916 0.06401898000000002 
50000 0.06402725600000013 0.3084737039999986 0.04195303199999993 0.02806152399999998 0.04650946799999995 0.0639324280000001 
60000 0.06399667999999978 0.3084336866666656 0.041914653333333496 0.027957113333333342 0.046481070000000006 0.06393844666666641 
70000 0.06397542571428577 0.30847244571428584 0.04188375428571444 0.02786355142857153 0.046439254285714236 0.06393427714285732 
80000 0.06398183999999985 0.30845790250000116 0.04188396000000002 0.02782163250000018 0.04643789250000009 0.06394754750000016 
90000 0.06397122444444438 0.30846734666666636 0.041868577777777756 0.027774346666666557 0.04642209999999999 0.06394201111111115 
100000 0.06396364400000006 0.3084733019999989 0.04185096999999998 0.027742385999999973 0.0464160899999999 0.06393195200000007 
