10000 0.8022207799999947 0.9780083799999971 0.8022440999999938 0.802251619999996 0.8022490399999934 0.8023189999999921 
20000 0.8021879699999941 0.9780401200000035 0.8021530899999934 0.8023273199999901 0.8021894299999951 0.802266369999993 
30000 0.8022859733333336 0.9780330600000031 0.8022814333333352 0.8022403800000013 0.8022677199999994 0.8022502533333347 
40000 0.802235199999997 0.978030875000001 0.8022474449999991 0.8022363750000018 0.8022401049999995 0.8022475100000004 
50000 0.8022070360000007 0.9780104719999969 0.8021999359999986 0.8022609119999975 0.8022333919999975 0.8022217039999977 
60000 0.8022526600000037 0.9780157033333354 0.8022475933333326 0.8022288400000004 0.8022231999999995 0.802263343333333 
70000 0.8021982542857177 0.9780269542857137 0.802212591428572 0.8021824742857147 0.8022087000000022 0.802245517142861 
80000 0.8022412775000004 0.9780191 0.8022355575000004 0.8022080699999987 0.8022341550000012 0.802231775000001 
90000 0.8022097622222222 0.9780151866666675 0.8022182288888888 0.8021795066666675 0.8022120822222247 0.8022462688888873 
100000 0.8022355339999986 0.9780248620000034 0.8022228939999982 0.8022300560000005 0.802241241999999 0.8022222479999996 
