Paging_Diharmonic
6
LRU FIFO LFU MARK_LRU MARK_FC RM 
1
Dhr 
30 
3000 80 123 80 80 79 92 
3500 93 139 86 93 88 102 
4000 109 159 97 109 106 117 
4500 121 183 110 121 117 132 
5000 132 199 120 132 129 149 
5500 150 220 128 150 143 160 
6000 158 239 138 158 149 167 
6500 171 264 148 171 162 185 
7000 180 275 156 180 173 193 
7500 194 299 165 194 182 213 
8000 207 314 175 207 196 220 
8500 223 335 185 223 211 240 
9000 236 359 193 236 224 255 
9500 250 380 206 250 236 275 
10000 260 397 215 260 248 282 
10500 275 419 223 275 258 301 
11000 278 433 237 278 265 308 
11500 299 455 246 299 282 325 
12000 312 479 259 312 296 338 
12500 326 500 268 326 309 354 
