10000 0.5005650200000006 0.772735199999997 0.441158440000001 0.3229096000000005 0.4573465599999988 0.5004877600000008 
20000 0.5004280300000012 0.7726678699999936 0.4409774700000017 0.3206574800000005 0.45721989999999924 0.5003936899999996 
30000 0.5003215199999996 0.772661299999999 0.44082170666666776 0.3197484333333324 0.45706689333333234 0.5003072266666669 
40000 0.5002820499999995 0.7726839649999983 0.44075865000000214 0.31927390500000113 0.4570365900000014 0.5002871399999986 
50000 0.5003408999999999 0.7726845560000022 0.4408021240000007 0.319063888 0.4570882360000014 0.5002766680000003 
60000 0.5003202966666677 0.7727139533333306 0.4407910966666648 0.31884742333333294 0.4570946700000002 0.5002872933333333 
70000 0.5003037571428575 0.7727068371428574 0.44074387999999876 0.31869982571428546 0.45707152285714253 0.5003090114285706 
80000 0.5003485724999998 0.7727099575000005 0.44081749999999875 0.3186308375 0.4570825449999997 0.5003160750000002 
90000 0.5003407111111099 0.7727058199999977 0.44077949555555607 0.318543028888889 0.45711911333333394 0.5003232355555558 
100000 0.5003176820000002 0.7726968200000004 0.44077941400000115 0.31846165200000026 0.4570773200000007 0.5003106339999993 
