10000 0.09276000000000022 0.30544794000000003 0.06257688000000011 0.043295819999999874 0.07019791999999973 0.09254893999999994 
20000 0.09253120000000008 0.3055226499999997 0.06227169000000006 0.04238305999999985 0.0699299699999998 0.0924377799999997 
30000 0.09241302000000014 0.3054926933333325 0.06212242666666666 0.042032146666666714 0.0697852999999998 0.09237621333333304 
40000 0.0924007500000002 0.3055057850000001 0.062101900000000126 0.04188940000000004 0.069778635 0.0923446100000002 
50000 0.0924006360000003 0.3054550640000005 0.06207891199999995 0.04178467999999984 0.06974809600000009 0.09238143599999994 
60000 0.09237973666666649 0.30547027000000065 0.062043926666666686 0.04169545000000007 0.06974552666666657 0.09233482999999991 
70000 0.09233563428571404 0.30548931428571446 0.06201634857142846 0.041641037142857086 0.06970360571428565 0.09230292571428554 
80000 0.0923569199999999 0.3054642425000002 0.06201937749999993 0.04161288750000007 0.06970464499999977 0.09234021749999961 
90000 0.09235310666666685 0.3054535422222212 0.06201928888888892 0.041581677777777756 0.06969721555555553 0.09234249555555547 
100000 0.09235013999999991 0.30544645200000015 0.062014852000000065 0.04156632000000008 0.06969554200000008 0.0923324939999997 
