Paging
1
FIFO 
5
Uni Geo Hrm Dhr 
30 
3000 2403 20 1384 114 
3500 2798 20 1628 142 
4000 3198 20 1847 166 
4500 3611 20 2081 176 
5000 4004 21 2312 207 
5500 4401 21 2543 221 
6000 4801 20 2769 227 
6500 5212 20 3029 251 
7000 5595 21 3238 279 
7500 6010 21 3447 295 
8000 6413 20 3698 317 
8500 6822 22 3927 332 
9000 7208 24 4166 356 
9500 7612 24 4377 371 
10000 8005 24 4619 395 
10500 8406 24 4880 421 
11000 8802 22 5080 440 
11500 9208 26 5313 463 
12000 9627 22 5543 490 
12500 10003 24 5783 494 
