10000 0.13130156000000015 0.3007742999999994 0.0916578400000001 0.06369036000000021 0.10446599999999993 0.13121887999999976 
20000 0.13121453000000005 0.3008502000000003 0.09151532999999992 0.06311911000000014 0.10434861999999993 0.13118066000000003 
30000 0.13122525333333354 0.3009352866666658 0.09146379999999985 0.06292424000000005 0.10434423999999966 0.13119388666666695 
40000 0.13119575499999975 0.30089133500000165 0.09141658000000004 0.06281502000000003 0.10425760500000028 0.13116899999999998 
50000 0.1312252200000001 0.3009167880000001 0.09144129599999967 0.06277497200000016 0.10431919199999978 0.1312047760000003 
60000 0.13115560666666654 0.3008969166666657 0.0913913133333327 0.06271289000000038 0.10424743666666646 0.13113767333333307 
70000 0.13116116857142812 0.30088623142857196 0.09137628857142864 0.0626906742857144 0.1042449085714287 0.1311372285714287 
80000 0.13117705749999947 0.30093003249999994 0.09138294749999999 0.06266193500000009 0.10425449750000004 0.13114849999999972 
90000 0.13109885333333307 0.3008854022222217 0.09132963111111106 0.06262079111111092 0.10419526444444441 0.13108363111111085 
100000 0.13114471799999933 0.3008890120000002 0.09137127999999964 0.06263828000000017 0.10423756599999978 0.13114344999999988 
