10000 0.0717815800000002 0.30789515999999967 0.04770052000000009 0.0333845399999999 0.05293323999999998 0.07151519999999986 
20000 0.07146608999999979 0.3077244899999986 0.04725709000000005 0.03223368999999993 0.05254166999999992 0.07138067999999975 
30000 0.07142953999999996 0.30773451999999946 0.04716767999999992 0.03181644000000004 0.05243804666666663 0.07134572666666689 
40000 0.07134540000000002 0.307712729999998 0.047058525000000045 0.03159653500000001 0.052346329999999885 0.07128226999999993 
50000 0.07129800399999998 0.30773159999999955 0.046998940000000045 0.031442336000000015 0.052293143999999944 0.07124802799999987 
60000 0.07131205333333336 0.3077314866666675 0.04700665000000008 0.03137414999999993 0.05230782999999988 0.07129186000000005 
70000 0.07125797999999965 0.3077046 0.04694641428571435 0.03127848857142867 0.05224962857142857 0.07122057999999959 
80000 0.07128783000000016 0.3077233399999994 0.04696113749999997 0.03125146749999997 0.052267087499999886 0.07126283250000005 
90000 0.07127858000000016 0.30773865111111104 0.04695467777777774 0.03122020222222214 0.05226890222222222 0.07124256000000037 
100000 0.07126384599999983 0.30773231400000006 0.04693793800000004 0.03116970599999999 0.052237475999999936 0.07123838600000001 
