10000 0.1662597800000001 0.2963467200000006 0.11993051999999967 0.08476609999999986 0.13810489999999953 0.16616042000000053 
20000 0.16615499000000009 0.29624623999999894 0.11980935999999999 0.08437773999999978 0.1380180800000003 0.16609689999999963 
30000 0.16610291333333307 0.2963168133333341 0.11973870666666667 0.08422625999999983 0.1379701399999998 0.16610996666666614 
40000 0.16606594999999982 0.29630391999999867 0.11970546999999981 0.08413275999999995 0.13795728499999962 0.16605003000000007 
50000 0.16607006399999993 0.29627643599999914 0.119718328 0.0841082120000001 0.1379538120000001 0.16606532800000037 
60000 0.1660945933333328 0.2963466200000004 0.11972668000000034 0.08411336999999991 0.13797181333333322 0.16607331666666672 
70000 0.16605517999999925 0.29632432285714216 0.11969282857142857 0.08406582857142851 0.13792574285714304 0.16607138571428554 
80000 0.16601303750000065 0.2962883300000016 0.11965154749999997 0.08403830499999994 0.13790426749999957 0.16603111500000062 
90000 0.16608848666666606 0.2963132911111107 0.11970738444444505 0.08404749555555578 0.1379362866666661 0.16608710666666635 
100000 0.1660431799999993 0.29630512399999964 0.11967451400000058 0.08403141600000028 0.1379345440000005 0.1660449119999999 
