10000 0.5893840399999977 0.6985107800000026 0.54717144 0.40837872000000086 0.5648231800000001 0.5893160799999992 
20000 0.5892479099999961 0.6985384400000023 0.5469920999999991 0.4074893900000017 0.5647028700000023 0.589228789999999 
30000 0.5892001400000024 0.6985321199999984 0.5469692333333371 0.40723098666666613 0.5647655600000021 0.5892311400000041 
40000 0.5892752649999993 0.6985342300000013 0.5470151549999996 0.40712865000000104 0.5647809550000018 0.5892293149999983 
50000 0.589230156 0.6984967960000027 0.546959263999999 0.4070557319999989 0.5647469759999988 0.589266643999999 
60000 0.5892310000000003 0.6985550099999989 0.5469824633333324 0.40700335666666637 0.5647479666666665 0.5892386233333321 
70000 0.5891704200000013 0.6985041085714254 0.5469116542857152 0.40692919142857165 0.5646567342857147 0.5891794399999997 
80000 0.5891958050000007 0.6985139175000008 0.5469380875000002 0.40692356750000036 0.5646890474999993 0.5892316100000006 
90000 0.5891712755555577 0.6985140666666677 0.5469251644444458 0.4069113088888893 0.5646822755555548 0.5892086711111121 
100000 0.5891652459999995 0.698520200000001 0.5469009380000012 0.4068514399999989 0.5646658939999979 0.5891753579999973 
