10000 0.5323998000000015 0.7498407199999996 0.4762578400000002 0.34928176000000083 0.4940518600000003 0.5323832399999993 
20000 0.532254250000001 0.7497661899999992 0.47604913000000076 0.3476064200000008 0.4938021999999975 0.5322240500000023 
30000 0.5321959999999992 0.7497795999999991 0.4759894199999984 0.3469733199999992 0.4937456733333278 0.5321851866666659 
40000 0.5322444299999999 0.7498440299999991 0.4760209800000004 0.3467097000000014 0.4937452749999982 0.5322406899999993 
50000 0.5322374679999984 0.7498185640000015 0.4759773599999992 0.34648664799999884 0.4937203439999988 0.5321849880000006 
60000 0.5321438766666657 0.7497903400000026 0.47591036333333314 0.34635247000000086 0.4936738233333315 0.5321665866666695 
70000 0.5322139342857162 0.7498156285714298 0.47594606285714264 0.34624290857142787 0.4937091028571426 0.5321832857142854 
80000 0.5321928499999996 0.7498089725000011 0.47595266500000016 0.3461722324999997 0.49369359750000175 0.5322136375000005 
90000 0.5322164733333322 0.74984612888889 0.47596650444444394 0.34614344444444406 0.49370896000000075 0.5322180822222213 
100000 0.5322203379999989 0.7498584520000007 0.47596985999999974 0.3461136680000001 0.49372005400000174 0.5322290379999997 
