10000 0.5892931199999987 0.6985637000000027 0.5470176400000006 0.40833604000000173 0.5647781000000015 0.5893326999999976 
20000 0.5892915099999968 0.6985313600000068 0.5470509300000009 0.40752195000000135 0.5648555799999996 0.5893002599999971 
30000 0.589261700000002 0.6985539266666664 0.5470138133333371 0.4073008866666672 0.5647681466666669 0.5892377400000022 
40000 0.5892035500000009 0.6985189400000028 0.5469365250000023 0.4071385950000006 0.5647055300000006 0.5891843849999997 
50000 0.5891954840000008 0.6985237320000006 0.5469349279999988 0.4070394279999997 0.5647348840000002 0.5891762240000008 
60000 0.5892194599999999 0.6985481166666679 0.5469741666666674 0.4069899666666655 0.5647211633333334 0.5891966433333318 
70000 0.589209165714285 0.6985479514285703 0.5469425714285691 0.406970088571428 0.5647309457142862 0.5892485314285699 
80000 0.5892269099999983 0.6985172274999975 0.5469616574999983 0.40693930250000065 0.5647209224999998 0.5892030074999983 
90000 0.5892130600000005 0.6985270733333336 0.5469471666666686 0.4069320177777785 0.5647120066666669 0.5892180555555573 
100000 0.5892092059999994 0.6985481839999979 0.5469649579999996 0.4068869999999992 0.5647229620000013 0.5892278420000002 
