10000 0.8039646799999955 0.9608027399999992 0.8039658799999929 0.8040883999999926 0.8040108199999918 0.8040154599999936 
20000 0.8039200799999942 0.960762819999995 0.8039234699999965 0.8040131999999937 0.803942119999994 0.8039112299999924 
30000 0.8040085466666677 0.9607742799999953 0.804042973333331 0.803901680000001 0.8040102466666634 0.8040235066666679 
40000 0.8039358650000007 0.9607775500000005 0.8039417099999979 0.803968230000001 0.8039486749999984 0.8038906450000012 
50000 0.8039017320000009 0.9607730240000023 0.8039035559999964 0.8039825239999997 0.8039133719999966 0.803927475999998 
60000 0.8039425866666653 0.9607732266666668 0.8039278633333301 0.8039213999999996 0.8039324666666673 0.803942399999998 
70000 0.803926439999998 0.96079900857143 0.8039321171428588 0.8039444714285717 0.8039212371428577 0.8039208142857128 
80000 0.8039306274999997 0.9607906100000013 0.8039253449999983 0.8039225625000012 0.8039199750000001 0.8039349775000013 
90000 0.8038994777777784 0.9607802244444431 0.8039087355555572 0.8039102600000014 0.8039016666666703 0.8039086844444429 
100000 0.8039396100000049 0.9607822440000017 0.8039338800000055 0.803920756000001 0.8039286380000015 0.803922599999999 
