UpdateList
1
TS 
5
Uni Geo Hrm Dhr 
30 
3000 43415 20102 22886 5286 
3500 50843 23296 26666 6245 
4000 57996 26576 30484 7164 
4500 65379 30043 34176 7976 
5000 72508 33320 38527 8939 
5500 79886 36677 41834 9702 
6000 87062 40066 46069 10618 
6500 94428 43282 49465 11571 
7000 101500 46641 53915 12405 
7500 109020 49969 57371 13264 
8000 115778 53268 61123 14183 
8500 123294 56537 64622 15152 
9000 130596 59993 69167 16033 
9500 137556 62991 72393 16697 
10000 145329 66552 76072 17767 
10500 152207 69869 79986 18666 
11000 159653 73278 84360 19644 
11500 166721 76637 88112 20351 
12000 173797 79869 91446 21317 
12500 181644 83176 95669 22142 
