10000 0.5005815199999996 0.7726578399999943 0.4411865800000019 0.3229213799999997 0.45737839999999913 0.5004731600000011 
20000 0.5004426099999996 0.7727068399999948 0.4409426800000016 0.32065882000000123 0.45718598999999993 0.5003637499999992 
30000 0.5003513066666669 0.7726707199999966 0.44084224000000094 0.3197611000000003 0.4571230266666659 0.5003396933333336 
40000 0.5003846649999985 0.7727606800000014 0.4408444750000018 0.31933542500000117 0.4571409750000015 0.5003487500000006 
50000 0.5003475439999988 0.7727300000000001 0.44082386799999995 0.3190179439999989 0.4570879520000003 0.5003275880000003 
60000 0.5003021633333322 0.772686993333333 0.44077497999999915 0.31884393 0.45709930666666626 0.5002846300000008 
70000 0.5003514257142847 0.7727078828571431 0.4407998057142845 0.31872267428571366 0.4571098657142858 0.5003638342857155 
80000 0.5003227325 0.7727219100000022 0.4407822799999987 0.3186436475000002 0.45707539750000004 0.5003307474999987 
90000 0.5002766844444428 0.7726569999999989 0.4407366866666661 0.3185245222222228 0.45703448444444456 0.5002662088888873 
100000 0.5002691159999995 0.7726971660000007 0.44071135400000055 0.31843320799999886 0.45704246799999987 0.5002623319999993 
