10000 0.0015219799999999872 0.3333104600000011 0.0013698599999999797 0.0013675999999999801 0.0013920599999999697 0.0014178399999999756 
20000 0.00101956000000003 0.3334702200000014 0.0007516200000000016 0.0007444300000000009 0.0007964899999999995 0.0008775400000000132 
30000 0.0008472000000000258 0.33324753999999956 0.0005409933333333298 0.0005291866666666603 0.0006015999999999975 0.0007281266666666712 
40000 0.0007515550000000281 0.3333343100000006 0.00043439499999999243 0.0004189749999999902 0.0005035099999999982 0.0006498100000000004 
50000 0.0006975480000000286 0.3332999319999976 0.0003716439999999952 0.0003534159999999913 0.0004462239999999992 0.0006171440000000019 
60000 0.0006605400000000314 0.33333118333333367 0.0003291599999999965 0.0003089266666666595 0.0004071766666666668 0.0005867333333333326 
70000 0.0006332885714286025 0.333350077142858 0.00029840571428571306 0.00027665428571428154 0.0003789600000000002 0.0005701428571428578 
80000 0.0006103475000000302 0.3333359975000005 0.00027515999999999977 0.000252219999999998 0.0003572600000000001 0.0005530775000000003 
90000 0.0005929044444444747 0.33330376000000045 0.0002578288888888892 0.00023373777777777833 0.0003401999999999993 0.0005436177777777764 
100000 0.0005783400000000289 0.3333379919999993 0.00024231800000000024 0.00021780800000000114 0.00032603800000000007 0.0005299019999999998 
