10000 0.22651688000000003 0.2870961799999995 0.1734535800000001 0.12792155999999988 0.2017294399999995 0.22655786000000047 
20000 0.22646553000000014 0.2871205499999997 0.1733553000000003 0.1277256800000001 0.20167756999999986 0.2264598700000011 
30000 0.2262991133333325 0.28701604666666664 0.17320451333333303 0.1275716933333334 0.20153354666666626 0.22627858000000015 
40000 0.22635264999999968 0.2870713050000019 0.17324875000000015 0.12755484999999986 0.2015978800000001 0.22635067500000006 
50000 0.22632636000000103 0.28705278399999945 0.17322194399999963 0.1275341360000005 0.20155510000000026 0.22631305600000096 
60000 0.22631248666666576 0.28704201999999973 0.1732125366666663 0.1275026433333331 0.20154871333333382 0.22631314999999896 
70000 0.22628194285714356 0.28699578000000003 0.17318252857142957 0.1274682742857145 0.20149554 0.2262772257142862 
80000 0.22633115250000024 0.28704879749999906 0.1732358125000007 0.12750915250000042 0.20154791999999946 0.22631752499999888 
90000 0.22630711555555538 0.28701784444444445 0.17321756444444425 0.12748694444444492 0.20154130222222238 0.2263130422222224 
100000 0.22627750400000063 0.2869891039999998 0.1731903439999997 0.1274515840000007 0.20152107799999994 0.22627527799999966 
