10000 0.5200465999999978 0.7589915200000054 0.46226935999999885 0.3386648599999992 0.4794481599999993 0.5200716999999991 
20000 0.5200053299999999 0.7590289200000053 0.46217287999999823 0.3368033799999992 0.47944859000000206 0.519965189999999 
30000 0.5199163333333324 0.7589935266666682 0.46204531333333587 0.33605269333333365 0.4792907399999987 0.5199168466666664 
40000 0.5199381300000011 0.7590249050000011 0.462052764999999 0.3357119349999996 0.47931606499999896 0.5198924750000028 
50000 0.5199464680000003 0.759011435999999 0.4620526719999994 0.33548423999999943 0.4793293000000012 0.5199029999999991 
60000 0.5198973399999999 0.7590634166666661 0.4620110933333323 0.3353704900000004 0.47929006000000174 0.5198911566666675 
70000 0.5199182657142845 0.7590385742857116 0.4620116628571445 0.33523754571428593 0.479278605714286 0.5199035599999989 
80000 0.5198678349999989 0.7590159524999974 0.46196953750000164 0.3351255675000004 0.4792689274999995 0.519851497499999 
90000 0.51989384 0.7590258888888868 0.46200005555555473 0.3350856733333326 0.479270895555556 0.5198684333333347 
100000 0.5198727700000001 0.7590290640000003 0.4619748680000016 0.33500456400000067 0.47925196599999953 0.5198678559999975 
