10000 0.1313486600000002 0.30088780000000004 0.09169695999999997 0.06372826000000005 0.10449635999999998 0.13125610000000007 
20000 0.13135034999999975 0.3009494400000005 0.09159623000000004 0.06319294000000007 0.10443448999999994 0.13133075999999982 
30000 0.13123496666666634 0.30088460666666617 0.09148179333333332 0.06293553333333336 0.10432847333333332 0.1312252466666669 
40000 0.13121026999999977 0.30085370000000256 0.09143608499999974 0.06284160499999987 0.10428124999999995 0.13119290499999967 
50000 0.13118052800000024 0.300887340000001 0.09141295200000014 0.06276890800000012 0.10427840800000013 0.1311465719999997 
60000 0.13116356000000085 0.30087864000000025 0.0913834 0.06270984333333339 0.10423750666666648 0.13111245999999988 
70000 0.13122487999999943 0.3009656485714286 0.09141252285714267 0.06272804285714303 0.10429744571428602 0.13119346571428572 
80000 0.13116861249999914 0.3009169275000003 0.09138603499999981 0.06267894500000017 0.10424483249999984 0.13115075499999998 
90000 0.13111551333333318 0.30087842666666653 0.0913216977777782 0.06262612888888902 0.10420498888888914 0.1310938711111112 
100000 0.13115350599999961 0.3009122600000004 0.09135364799999994 0.06262442600000019 0.10423391999999929 0.1311488179999994 
