10000 0.1662539999999999 0.29625271999999975 0.11994589999999947 0.08473826000000027 0.1381501799999993 0.16626199999999983 
20000 0.16615016000000002 0.29626939000000085 0.11980437999999984 0.08436185000000003 0.1380069100000001 0.16610930999999993 
30000 0.16607361999999987 0.2963095800000007 0.11971605333333374 0.08419790666666688 0.1379421933333334 0.16603616666666707 
40000 0.16609993500000014 0.29636533499999906 0.11973963499999997 0.08415691499999976 0.13796340999999984 0.16609354499999981 
50000 0.1661191600000006 0.29627772799999824 0.11976614800000034 0.08414989599999977 0.13800105600000048 0.16609780000000002 
60000 0.16609638333333362 0.2963271166666667 0.11971777999999973 0.08409863666666713 0.13796892333333344 0.16608583999999954 
70000 0.16604629428571369 0.29630266285714346 0.11968060285714302 0.08407195428571389 0.13792163714285732 0.16603935428571392 
80000 0.16606428750000043 0.2963254274999993 0.11969759000000021 0.0840662874999998 0.13794511499999956 0.16608005750000052 
90000 0.1660701044444438 0.29633257333333257 0.11969398000000005 0.08406077111111118 0.1379465399999995 0.16606005999999998 
100000 0.1660503279999995 0.29626874599999903 0.11968455200000046 0.084029808 0.13792552 0.16604011599999954 
