10000 0.53245286 0.7497605800000007 0.47628226000000085 0.34926161999999983 0.49398123999999716 0.5323359199999999 
20000 0.5322372600000004 0.7498131600000005 0.4760486100000022 0.3475855700000005 0.49374247999999543 0.5322145899999978 
30000 0.5322417133333319 0.7498069866666663 0.4760041933333319 0.34701593333333314 0.49374265999999667 0.5322673466666671 
40000 0.5322409599999998 0.7498340250000001 0.47599214000000156 0.3467010150000019 0.4937279549999994 0.5322009100000006 
50000 0.5321403079999999 0.7497817440000015 0.4758572200000009 0.34643603999999906 0.4936226719999996 0.5320875080000007 
60000 0.5321835999999992 0.749818939999995 0.4759248933333338 0.34633527000000097 0.49367046999999925 0.5321237233333342 
70000 0.5322102314285717 0.7498428542857132 0.4759678399999994 0.3462602000000003 0.49372770285714285 0.5321974657142875 
80000 0.5321397850000009 0.7497885074999986 0.47588631250000063 0.3461475149999997 0.4936592349999989 0.5321493275000011 
90000 0.5322163444444444 0.7498412511111091 0.47594785555555597 0.3461404377777773 0.49370363555555613 0.5321840200000028 
100000 0.5322025279999992 0.7498229160000005 0.4759459860000001 0.3460969299999985 0.4936876320000006 0.5322138999999992 
