10000 0.055449179999999855 0.33323908000000085 0.02982463999999997 0.021379779999999956 0.041891699999999935 0.05541778000000019 
20000 0.05530181000000021 0.3333675500000004 0.029604810000000033 0.021117520000000015 0.04173965000000009 0.055245129999999996 
30000 0.055231373333333535 0.3333079866666668 0.029540180000000003 0.021008379999999934 0.04166431999999999 0.055157833333333336 
40000 0.05525176500000001 0.3333289400000013 0.029551385000000124 0.02098993000000004 0.04170232000000009 0.05522923999999992 
50000 0.055202723999999946 0.33331868399999803 0.029504988000000013 0.020954584000000057 0.04164798399999998 0.05518157999999994 
60000 0.05520162666666679 0.3333604699999991 0.02949560666666661 0.020934176666666707 0.041642053333333325 0.05517392333333335 
70000 0.055158451428571335 0.3332812142857142 0.029452797142857052 0.020906705714285708 0.04161065428571409 0.0551312571428571 
80000 0.05517447500000005 0.33333976500000023 0.029460777500000052 0.02091334250000005 0.04161472250000004 0.05515855000000005 
90000 0.05518508222222222 0.3333323999999994 0.029468288888888864 0.020904202222222164 0.0416154511111109 0.05516573111111122 
100000 0.05517066800000018 0.33336231400000005 0.029458336000000043 0.020893617999999965 0.04161724600000009 0.055144417999999966 
