Paging_Geometric
6
LRU FIFO LFU MARK_LRU MARK_FC RM 
1
Geo 
30 
3000 235 406 179 235 213 275 
3500 278 486 207 278 254 325 
4000 316 555 236 316 289 368 
4500 341 608 254 341 310 398 
5000 390 691 291 390 360 458 
5500 417 744 311 417 383 487 
6000 475 833 345 475 428 551 
6500 496 882 358 496 451 576 
7000 542 960 398 542 492 635 
7500 573 1024 417 573 518 669 
8000 612 1089 434 612 559 722 
8500 673 1175 485 673 606 779 
9000 711 1240 521 711 641 831 
9500 746 1312 515 746 675 858 
10000 780 1371 585 780 706 904 
10500 807 1433 575 807 728 943 
11000 854 1504 611 854 775 993 
11500 877 1558 640 877 788 1017 
12000 914 1624 672 914 825 1070 
12500 961 1708 693 961 873 1117 
