10000 0.5656051600000018 0.7220544000000041 0.5164298800000005 0.3813490399999998 0.5345321400000019 0.5655783400000013 
20000 0.5654026000000006 0.7220631100000046 0.5161517699999978 0.38020378000000044 0.5344120600000005 0.565436600000003 
30000 0.5653977600000035 0.7220579999999978 0.5160958399999963 0.37973486666666895 0.5343167666666637 0.5653424733333346 
40000 0.5653417499999991 0.722043059999997 0.5160361500000012 0.3795580900000027 0.5342634750000027 0.5653293600000028 
50000 0.5653887479999997 0.722096972 0.5160976960000007 0.3794469400000014 0.5343357640000005 0.5653543039999996 
60000 0.5653707533333339 0.72201313 0.5160681066666675 0.3793570666666669 0.5343016633333331 0.5653402433333311 
70000 0.5653727228571404 0.7220712599999989 0.5160784000000018 0.3793163342857147 0.534294511428571 0.565348557142858 
80000 0.5653283475000004 0.7220400649999982 0.5160438050000017 0.37923034499999975 0.5342717749999989 0.5653266200000002 
90000 0.5653440822222224 0.7220791266666683 0.5160596977777763 0.37921611555555623 0.534291395555556 0.5653615733333338 
100000 0.5653516759999995 0.7220507299999998 0.5160544379999995 0.37917768000000107 0.5342700740000007 0.5653511060000015 
