10000 0.08100344000000012 0.3069467600000001 0.05417203999999981 0.03763124000000017 0.060421539999999996 0.08077802000000014 
20000 0.08066393000000002 0.30673178 0.05373443999999992 0.03655432000000005 0.05999921000000002 0.08058375000000033 
30000 0.08054967333333318 0.30673005333333225 0.05358905333333339 0.03616334000000002 0.05987684000000005 0.0804678933333335 
40000 0.08052818500000003 0.30676295999999964 0.053555840000000014 0.035989295000000115 0.05983206499999994 0.08045864500000006 
50000 0.08050807999999988 0.30673435999999976 0.05350878000000006 0.03587146800000001 0.05980051200000012 0.08046711200000005 
60000 0.08047186666666645 0.3067454000000007 0.05347159000000014 0.03577444333333335 0.059765123333333094 0.08045399666666657 
70000 0.08048751142857134 0.3067982314285721 0.05347695428571418 0.035734077142857076 0.059771291428571335 0.08046961428571446 
80000 0.08043978500000012 0.3067588200000008 0.05343697249999989 0.035672835000000035 0.059727572500000055 0.08040825249999989 
90000 0.08043533111111112 0.3067247911111112 0.05342350222222203 0.03562404222222223 0.05972791999999994 0.08040061999999983 
100000 0.08042707799999971 0.30672345399999973 0.05341173599999988 0.03559423600000012 0.05970172000000019 0.080376668 
