10000 0.001361619999999986 0.3333760800000004 0.001359979999999986 0.001359939999999986 0.001360139999999986 0.0013602799999999859 
20000 0.0007468900000000082 0.33339521000000055 0.0007314900000000052 0.000731380000000005 0.0007334200000000071 0.0007348800000000073 
30000 0.000540006666666668 0.3333467800000005 0.0005079999999999962 0.0005077066666666625 0.00051194 0.0005173399999999996 
40000 0.00043971999999999685 0.3334425150000015 0.0003924949999999901 0.00039199499999999004 0.00039858999999999495 0.00040838999999999573 
50000 0.00038041599999999654 0.3333068359999982 0.00032105199999998943 0.0003203079999999893 0.00032897199999999335 0.0003418199999999931 
60000 0.0003460299999999966 0.3333673033333323 0.0002739633333333222 0.0002728666666666548 0.0002840599999999934 0.0003023466666666592 
70000 0.0003140028571428527 0.33337005142857185 0.00023877142857141708 0.00023728285714284507 0.0002498542857142792 0.00027229999999999307 
80000 0.0002943899999999956 0.3333519725 0.00021311999999999061 0.0002112624999999899 0.00022561999999999477 0.0002511324999999936 
90000 0.0002794133333333296 0.33335125111111175 0.00019299333333332397 0.00019089555555554586 0.00020722222222221742 0.00023749555555555005 
100000 0.0002651659999999953 0.3332685419999998 0.00017656199999999217 0.00017400399999999142 0.00019162799999999586 0.00022349199999999606 
