10000 0.5201692199999995 0.7591755200000055 0.4624174799999997 0.3386701999999992 0.47970874000000047 0.5200850399999993 
20000 0.5200573699999985 0.7590073000000048 0.46220555999999796 0.33680368999999866 0.479518610000002 0.5200586999999977 
30000 0.5199350266666647 0.7590141800000014 0.46210234666666755 0.336091380000001 0.479354193333333 0.5199205533333315 
40000 0.5199028150000005 0.758983680000002 0.4620044799999987 0.33571564500000056 0.47925717999999834 0.5198603550000014 
50000 0.5198626640000006 0.7590271840000007 0.46196275599999964 0.33548267199999826 0.4792129400000015 0.5198641320000017 
60000 0.5198648066666662 0.7590219500000015 0.46194818333333204 0.33530502000000045 0.47923653000000055 0.5198567566666681 
70000 0.519882785714285 0.7590277257142842 0.4619733514285721 0.335217445714287 0.4792627600000005 0.5198711085714274 
80000 0.5199276700000008 0.7590373300000001 0.46204547499999926 0.3351527374999997 0.47933312999999905 0.5199569975000023 
90000 0.5198923044444435 0.7590222333333331 0.46199914222222277 0.33508085555555456 0.47926695777777745 0.5198814688888899 
100000 0.5198721099999989 0.7590443079999982 0.4619680419999997 0.33498547799999956 0.4792488799999993 0.5198815879999995 
