10000 0.001363739999999984 0.33343167999999934 0.001363739999999984 0.001363739999999984 0.001363739999999984 0.001363739999999984 
20000 0.0007317700000000055 0.33327623000000084 0.0007317700000000055 0.0007317700000000055 0.0007317700000000055 0.0007317700000000055 
30000 0.0005068599999999963 0.3333713200000011 0.0005065733333333297 0.0005065799999999964 0.000506606666666663 0.0005066799999999964 
40000 0.00039120499999998904 0.33333302500000067 0.00039057499999998915 0.00039057499999998915 0.00039063999999998914 0.00039067499999998915 
50000 0.0003199679999999868 0.33329077599999823 0.0003187279999999869 0.00031872799999998683 0.0003188399999999868 0.0003189319999999869 
60000 0.00027211666666665274 0.33331873666666745 0.00027002999999998627 0.0002700033333333197 0.0002702099999999864 0.00027043666666665296 
70000 0.0002370914285714155 0.3333171114285709 0.00023446571428570147 0.00023444857142855855 0.00023481999999998716 0.00023497142857141563 
80000 0.0002118349999999866 0.33327613750000057 0.00020778499999998687 0.00020777999999998698 0.00020826499999998716 0.00020877749999998705 
90000 0.00019219999999998779 0.3333806088888884 0.0001866911111110996 0.00018666666666665514 0.00018722666666665517 0.00018800666666665515 
100000 0.00017596999999998925 0.33333187599999975 0.00016955999999999013 0.0001695479999999901 0.00017032799999999054 0.00017113399999999036 
