10000 0.0013639599999999827 0.3332993800000003 0.0013619599999999822 0.0013619599999999822 0.0013623199999999829 0.0013624799999999826 
20000 0.0007478400000000077 0.3333912300000007 0.0007319200000000054 0.0007318300000000052 0.0007336400000000065 0.0007357500000000072 
30000 0.0005392066666666673 0.33331658666666686 0.0005077666666666629 0.0005075199999999958 0.0005115733333333334 0.0005164400000000001 
40000 0.00043903999999999764 0.3333585400000014 0.00039199499999999096 0.0003914899999999905 0.0003979049999999952 0.0004072499999999952 
50000 0.00038212399999999525 0.3333080039999978 0.000321531999999989 0.0003207399999999885 0.00033007199999999295 0.0003425679999999932 
60000 0.00034200999999999535 0.3333333100000007 0.00027341999999998837 0.0002722766666666548 0.00028306666666665895 0.0003003433333333251 
70000 0.00031507714285713826 0.3333264571428569 0.00023915428571427466 0.00023771714285713143 0.0002507799999999933 0.0002719171428571358 
80000 0.0002964424999999952 0.33333144499999945 0.00021342749999998976 0.0002114624999999891 0.0002263824999999939 0.0002524949999999941 
90000 0.00027829555555555107 0.3333343577777774 0.00019299777777776863 0.00019079777777776812 0.00020720444444443943 0.0002362133333333282 
100000 0.00026497199999999516 0.33333815800000055 0.00017653399999999209 0.0001741579999999916 0.00019128199999999623 0.00022373599999999514 
