10000 0.0013644399999999815 0.3334448799999998 0.0013644399999999815 0.0013644399999999815 0.0013644399999999815 0.0013644399999999815 
20000 0.0007320700000000058 0.3333197399999995 0.0007320700000000058 0.0007320700000000058 0.0007320700000000058 0.0007320700000000058 
30000 0.0005063599999999967 0.33332909333333394 0.00050605333333333 0.00050605333333333 0.0005061199999999966 0.0005061399999999966 
40000 0.00039111499999998974 0.33330346000000155 0.0003903699999999897 0.0003903699999999897 0.00039042999999998974 0.0003905699999999897 
50000 0.0003203359999999867 0.33330354399999823 0.0003187839999999868 0.00031877599999998677 0.00031897999999998684 0.0003191639999999868 
60000 0.0002722399999999863 0.33332647000000126 0.0002699066666666531 0.00026987999999998646 0.0002701199999999865 0.00027044333333331986 
70000 0.00023772285714284363 0.3333598885714272 0.00023466571428570074 0.0002346542857142722 0.00023500857142855805 0.0002353714285714152 
80000 0.00021201499999998688 0.33336830499999964 0.00020792249999998727 0.00020792999999998728 0.0002083874999999873 0.00020884749999998728 
90000 0.00019172444444443226 0.3333508066666657 0.00018667111111109958 0.000186626666666655 0.00018729555555554412 0.0001879866666666551 
100000 0.0001762999999999894 0.3333680839999995 0.00016954399999999 0.00016951599999998992 0.00017035399999999035 0.0001711439999999902 
