10000 0.006199780000000008 0.3334133600000011 0.0027219800000000023 0.0022785400000000042 0.003865299999999983 0.0059320599999999925 
20000 0.005786009999999983 0.3333109599999997 0.0022835299999999924 0.0017941799999999888 0.0034543100000000073 0.005661609999999979 
30000 0.00563588666666667 0.33338044666666805 0.0021313866666666684 0.0016255466666666594 0.003308933333333318 0.005556026666666699 
40000 0.005583340000000001 0.3333580950000025 0.002061624999999999 0.001547239999999998 0.003248640000000006 0.005516159999999992 
50000 0.005536816000000003 0.33344678399999844 0.0020100479999999882 0.0014952520000000036 0.0032062240000000192 0.00548389999999999 
60000 0.00552328666666667 0.33333677333333456 0.001988903333333327 0.001467476666666662 0.003191010000000011 0.0054640800000000005 
70000 0.005491322857142839 0.33328546285714256 0.0019629628571428584 0.0014412228571428546 0.0031626285714285753 0.005438497142857137 
80000 0.005479735000000007 0.3333269049999992 0.001949377500000007 0.0014262749999999992 0.0031502049999999958 0.005442172500000007 
90000 0.005465631111111114 0.33333561333333256 0.001935597777777777 0.0014101177777777782 0.0031367377777777854 0.0054346599999999905 
100000 0.005456178000000006 0.33335275000000025 0.0019267699999999993 0.0014002000000000007 0.003128366000000008 0.005416780000000002 
