10000 0.5471548200000012 0.7381023799999961 0.49362491999999775 0.36284644000000077 0.5116405400000033 0.5471147400000003 
20000 0.5471147799999997 0.7381153699999952 0.4935515999999963 0.36155249999999994 0.5116292600000025 0.5470728599999997 
30000 0.5470356466666702 0.7380626266666671 0.49349789333332994 0.3610476666666686 0.5115856399999984 0.5470701266666698 
40000 0.5469925399999989 0.7379862549999989 0.49338411999999915 0.36065225500000075 0.5115159149999995 0.5469675200000004 
50000 0.5470260760000021 0.7380359359999978 0.4934312599999993 0.3605233079999988 0.5115175519999984 0.5470204040000008 
60000 0.5469622900000017 0.7380191799999978 0.4933803200000002 0.3604060733333329 0.5114868166666667 0.5469586100000009 
70000 0.5470013114285723 0.738013565714287 0.49340977142857134 0.3603252971428572 0.5115269457142866 0.5469843542857123 
80000 0.5470216174999983 0.7380431174999996 0.4934240874999978 0.36032164250000126 0.511546265000001 0.5470193325000005 
90000 0.5470069133333331 0.7380415755555542 0.49340843333333395 0.3602394222222234 0.5115418066666689 0.5470269377777786 
100000 0.547020318000001 0.7380567639999983 0.4934066719999999 0.3602266159999995 0.5115339700000011 0.5470141600000004 
