10000 0.16160440000000015 0.3334169200000001 0.11667200000000014 0.08374196000000063 0.14343110000000012 0.16150531999999965 
20000 0.16139914000000014 0.3333773300000003 0.11644870000000042 0.08351461999999994 0.14315202000000016 0.16132732000000038 
30000 0.16136420666666706 0.3333120733333328 0.11645867333333343 0.08346604000000007 0.14319521333333324 0.16140003999999925 
40000 0.1613794449999997 0.3333502500000022 0.11645519000000006 0.08343733000000007 0.14315403999999993 0.16132897000000027 
50000 0.1613276479999998 0.33329924 0.1163810679999999 0.08340405999999986 0.14311744399999965 0.161296916 
60000 0.16134723333333348 0.33334861000000005 0.11640566999999982 0.08340013666666685 0.1431163366666662 0.1613353433333331 
70000 0.16129982857142872 0.33336836571428413 0.11639377714285716 0.08337525428571384 0.14308688000000025 0.16127246857142905 
80000 0.1613290399999995 0.33333061000000064 0.11639157249999953 0.08338597750000022 0.14312070250000009 0.16127463999999933 
90000 0.1613087377777781 0.333330506666667 0.11637340888888847 0.08336940888888865 0.14310577333333288 0.16131202222222268 
100000 0.16132649599999946 0.33333409599999975 0.11639741999999981 0.08337095000000008 0.1431104879999998 0.16133038999999944 
