10000 0.0015231999999999893 0.33352130000000063 0.0013697799999999806 0.0013677399999999812 0.0013909799999999705 0.0014192999999999758 
20000 0.001027950000000032 0.3333876300000013 0.0007538999999999982 0.0007463299999999986 0.0008015999999999988 0.0008865300000000131 
30000 0.0008527133333333612 0.33334288666666656 0.0005425733333333291 0.0005305999999999928 0.0006033066666666642 0.000727206666666672 
40000 0.0007612650000000294 0.33335210500000223 0.00043688999999999263 0.0004209099999999906 0.000506524999999999 0.0006597900000000016 
50000 0.0006905960000000298 0.33334362799999856 0.00037006799999999445 0.00035233199999999096 0.0004423119999999996 0.0006070519999999984 
60000 0.0006572133333333667 0.33333378333333374 0.00032803333333332924 0.0003081499999999933 0.0004067166666666692 0.0005827933333333329 
70000 0.0006317600000000326 0.33334704857142977 0.00029847714285714095 0.0002763657142857105 0.0003779657142857144 0.0005663714285714277 
80000 0.000608640000000031 0.3333717149999998 0.0002747499999999985 0.00025190499999999883 0.00035509500000000107 0.000549867500000001 
90000 0.0005977244444444753 0.3333525222222224 0.0002582355555555558 0.00023385777777777753 0.00034210666666666724 0.0005428755555555544 
100000 0.0005769640000000269 0.3333224180000001 0.00024263200000000133 0.0002179100000000013 0.0003259640000000003 0.000535751999999999 
