10000 0.8039646799999955 0.9608027399999992 0.8039658799999929 0.8040883999999926 0.8039987599999922 0.8039862399999945 
20000 0.8039200799999942 0.960762819999995 0.8039234699999965 0.8040131999999937 0.8039225899999899 0.8039621399999918 
30000 0.8040085466666677 0.9607742799999953 0.804042973333331 0.803901680000001 0.8040117199999979 0.8039858533333314 
40000 0.8039358650000007 0.9607775500000005 0.8039417099999979 0.803968230000001 0.8039454250000017 0.803945634999999 
50000 0.8039017320000009 0.9607730240000023 0.8039035559999964 0.8039825239999997 0.8038980639999992 0.8039477839999983 
60000 0.8039425866666653 0.9607732266666668 0.8039278633333301 0.8039213999999996 0.8039237533333311 0.803935216666664 
70000 0.803926439999998 0.96079900857143 0.8039321171428588 0.8039444714285717 0.8039341628571465 0.8039567942857143 
80000 0.8039306274999997 0.9607906100000013 0.8039253449999983 0.8039225625000012 0.8039384950000014 0.8039414625000003 
90000 0.8038994777777784 0.9607802244444431 0.8039087355555572 0.8039102600000014 0.8038990044444474 0.8039209866666707 
100000 0.8039396100000049 0.9607822440000017 0.8039338800000055 0.803920756000001 0.8039362740000043 0.8039492639999991 
