10000 0.8064506199999967 0.9354539199999957 0.8064740799999923 0.8064841199999907 0.8064622399999969 0.8064892199999961 
20000 0.8065841099999961 0.9355153299999983 0.8065815499999958 0.8065149499999948 0.8066038999999953 0.8065445399999941 
30000 0.8064774533333307 0.9354729733333363 0.8064758533333315 0.8064428533333344 0.80645808 0.8064801133333342 
40000 0.8064764050000008 0.9354987500000002 0.8064985000000036 0.8064751749999989 0.806491465000001 0.8065172299999993 
50000 0.8064837880000026 0.9355026080000015 0.806484 0.8064922640000002 0.806493972000003 0.8064902040000004 
60000 0.8064392866666649 0.9354682500000029 0.8064475633333323 0.8064729200000024 0.8064511533333318 0.806481856666667 
70000 0.8065016199999999 0.9354961828571459 0.8065128571428541 0.8064661199999991 0.8065059457142834 0.8064897685714268 
80000 0.8064571199999978 0.9354658399999991 0.8064442474999974 0.8064517025000005 0.8064522524999962 0.8064318675000014 
90000 0.8064310155555546 0.9354904177777812 0.8064308755555559 0.806478908888887 0.8064285311111093 0.80647657111111 
100000 0.8064422200000023 0.9354900320000028 0.8064380739999969 0.806461491999999 0.8064421860000008 0.8064499579999989 
