10000 0.8039646799999955 0.9608027399999992 0.8039658799999929 0.8040883999999926 0.8040032199999942 0.8039517999999928 
20000 0.8039200799999942 0.960762819999995 0.8039234699999965 0.8040131999999937 0.8039422299999954 0.8039951199999942 
30000 0.8040085466666677 0.9607742799999953 0.804042973333331 0.803901680000001 0.804022413333332 0.8039729266666674 
40000 0.8039358650000007 0.9607775500000005 0.8039417099999979 0.803968230000001 0.8039293150000018 0.803917209999997 
50000 0.8039017320000009 0.9607730240000023 0.8039035559999964 0.8039825239999997 0.8039363919999994 0.8039114199999977 
60000 0.8039425866666653 0.9607732266666668 0.8039278633333301 0.8039213999999996 0.8039409433333313 0.8039477866666649 
70000 0.803926439999998 0.96079900857143 0.8039321171428588 0.8039444714285717 0.8039339314285707 0.8039225971428559 
80000 0.8039306274999997 0.9607906100000013 0.8039253449999983 0.8039225625000012 0.8038978000000021 0.803926217500001 
90000 0.8038994777777784 0.9607802244444431 0.8039087355555572 0.8039102600000014 0.8039049711111084 0.8039258688888937 
100000 0.8039396100000049 0.9607822440000017 0.8039338800000055 0.803920756000001 0.8039187720000026 0.8039278160000017 
