10000 0.5323949399999997 0.7498039800000004 0.47620114000000074 0.34930487999999965 0.4939606999999979 0.5323310800000015 
20000 0.5323015600000008 0.7498439700000008 0.4760958400000009 0.34766472000000165 0.4938258799999985 0.53219477 
30000 0.5322594866666649 0.7498358533333327 0.4759951999999969 0.34698480666666554 0.4937481266666636 0.5321753133333323 
40000 0.5322607149999977 0.7498463849999992 0.4759978199999998 0.3466739050000007 0.4937522699999995 0.532244205 
50000 0.5322357360000008 0.7498616880000009 0.47600300799999795 0.3465023399999997 0.4937474800000006 0.5322187879999979 
60000 0.5321963633333329 0.7498454600000014 0.4759629600000006 0.34634608000000244 0.4937024033333334 0.5321666433333332 
70000 0.5322019742857143 0.7498320028571436 0.475959188571427 0.34629758857142967 0.49371250000000105 0.5322574171428582 
80000 0.5321629625000008 0.7497937374999986 0.47591165750000053 0.346146815 0.49364874249999885 0.5321291949999996 
90000 0.532214004444446 0.7498514666666668 0.4759519844444462 0.3461293866666678 0.49370205555555463 0.5321791377777783 
100000 0.5322030720000004 0.7498437939999989 0.47595575800000195 0.34610157599999963 0.49369390800000046 0.5322045779999988 
