10000 0.0015139599999999867 0.3334063600000001 0.0013672999999999778 0.0013652199999999797 0.0013888599999999707 0.001412399999999976 
20000 0.001023500000000034 0.3333336800000014 0.000752200000000001 0.0007454700000000005 0.0007991699999999982 0.0008790500000000151 
30000 0.0008523866666666957 0.3333051600000012 0.0005426599999999947 0.0005303066666666591 0.000603599999999999 0.0007302133333333377 
40000 0.0007583300000000275 0.33334339500000154 0.0004361049999999921 0.00042043999999998976 0.0005055849999999989 0.0006556850000000007 
50000 0.0007037680000000306 0.3333779519999983 0.0003729159999999937 0.0003538279999999911 0.0004473439999999986 0.0006195279999999993 
60000 0.0006595566666666988 0.3333921699999999 0.0003287733333333293 0.0003086233333333257 0.0004062266666666661 0.0005878566666666664 
70000 0.0006276085714286029 0.3333766914285713 0.00029702857142856995 0.0002760228571428537 0.00037665142857142817 0.000569425714285711 
80000 0.000611550000000033 0.33332320249999947 0.0002752499999999989 0.00025219249999999756 0.0003574499999999997 0.000554474999999999 
90000 0.0005894911111111403 0.33331231555555596 0.00025724888888888797 0.00023297777777777802 0.00034001111111111167 0.0005405422222222209 
100000 0.0005790000000000287 0.33338486399999967 0.0002432220000000007 0.0002185620000000011 0.00032743200000000044 0.000532509999999999 
