10000 0.002565319999999993 0.33344798000000037 0.0015370599999999695 0.001475519999999971 0.0017796599999999824 0.0022442800000000095 
20000 0.002090209999999939 0.3333634600000002 0.000999379999999992 0.0009084699999999855 0.0012964700000000014 0.0019208400000000066 
30000 0.001916333333333286 0.3333147599999992 0.0008168200000000009 0.0007135666666666681 0.0011264733333333306 0.0017993266666666632 
40000 0.001849739999999992 0.3333083100000016 0.000731775000000001 0.0006206850000000016 0.0010507449999999966 0.001760205000000005 
50000 0.0017948120000000015 0.33332317999999783 0.0006752319999999985 0.0005606000000000033 0.0009987519999999995 0.0017101799999999973 
60000 0.001757056666666667 0.3333252766666663 0.0006387966666666655 0.0005214666666666659 0.0009648233333333328 0.0016938933333333342 
70000 0.001734005714285724 0.3333368828571426 0.0006126999999999964 0.000493159999999995 0.0009440971428571459 0.0016774000000000012 
80000 0.0017160275000000162 0.3332946425000002 0.0005955974999999992 0.00047314749999999935 0.0009274149999999986 0.0016791925000000014 
90000 0.0016980822222222329 0.3333398133333334 0.0005785688888888862 0.0004562177777777782 0.000910826666666664 0.001656800000000004 
100000 0.0016910460000000094 0.3333171439999997 0.000567143999999999 0.00044301200000000017 0.0009015919999999983 0.0016475640000000067 
