Paging
1
LRU 
5
Uni Geo Hrm Dhr 
30 
3000 2393 20 1200 88 
3500 2799 20 1412 93 
4000 3207 20 1606 111 
4500 3602 20 1813 123 
5000 3995 20 2007 131 
5500 4403 20 2206 148 
6000 4800 20 2429 164 
6500 5196 20 2613 173 
7000 5607 20 2843 180 
7500 5999 20 3020 201 
8000 6416 20 3213 202 
8500 6802 20 3409 221 
9000 7210 20 3639 232 
9500 7605 20 3834 245 
10000 8008 20 4010 254 
10500 8398 20 4202 275 
11000 8788 20 4421 287 
11500 9212 20 4640 300 
12000 9611 20 4833 317 
12500 10005 20 5023 318 
