10000 0.8029260799999924 0.9718027799999948 0.8029238199999948 0.8029919399999946 0.8029277799999923 0.8030304799999937 
20000 0.8028585299999941 0.9718677700000009 0.8028624999999938 0.8029051999999958 0.8028671299999932 0.8028299599999925 
30000 0.8028582533333304 0.9718438333333316 0.8028356266666681 0.8029200066666676 0.8028283133333307 0.8028190866666681 
40000 0.8028890349999996 0.9718440149999946 0.8028834949999976 0.802820664999998 0.8028672799999997 0.8028713800000001 
50000 0.8028333199999977 0.971834188000002 0.8028404919999987 0.8028406479999969 0.8028097840000014 0.8028386239999983 
60000 0.8028289499999994 0.9718360999999994 0.8028220333333344 0.8028239766666656 0.8028509066666647 0.8028535933333334 
70000 0.8028558228571405 0.9718274942857164 0.8028628114285714 0.8028131371428611 0.8028445000000023 0.8028449942857128 
80000 0.8028295025000005 0.9718307849999981 0.8028208525000016 0.8028280475000019 0.8028443500000008 0.8028020475000023 
90000 0.8028201644444424 0.9718356866666694 0.8028235288888905 0.8028208622222225 0.8028210711111123 0.8028202555555566 
100000 0.8028164760000005 0.971824634000004 0.8028237919999978 0.8028126739999986 0.8028153280000013 0.8028242559999996 
