10000 0.5472053799999982 0.7380611199999965 0.4937120999999977 0.3629419400000004 0.5117347400000012 0.5471946999999991 
20000 0.547083329999999 0.7380182499999944 0.4934771699999989 0.36150603000000076 0.5116151300000005 0.5470505099999992 
30000 0.5469776533333349 0.738027226666669 0.4934485666666628 0.3609532933333364 0.5115454799999991 0.5470184800000033 
40000 0.54711135 0.7380174899999989 0.493518219999999 0.36077928000000153 0.5116632750000001 0.5470937250000024 
50000 0.5470373880000001 0.7380614479999977 0.4934286360000021 0.36053936399999853 0.5115512239999997 0.5470533 
60000 0.5470049766666673 0.7380177600000016 0.4934262866666672 0.3604496333333333 0.5115345200000007 0.5469938400000001 
70000 0.5470097457142847 0.7380503485714295 0.49341623999999956 0.36034179999999977 0.5115347628571415 0.5470063600000025 
80000 0.5470376299999995 0.7380284499999997 0.49344361249999863 0.36031810999999997 0.5115661599999987 0.5470508900000015 
90000 0.5469626844444445 0.7380275977777776 0.4933756577777767 0.36023958000000095 0.5114812333333352 0.5469656222222233 
100000 0.546982702 0.7380322079999991 0.49338681999999806 0.36023759800000005 0.5115028419999986 0.5469876979999992 
