10000 0.50077998 0.772798279999995 0.4414091200000019 0.3231914000000001 0.45767878000000084 0.5007230399999997 
20000 0.5005046100000001 0.7727425799999933 0.4409916600000016 0.3206882100000004 0.457229469999999 0.5005001400000009 
30000 0.5004129133333338 0.7727316533333336 0.4409224800000027 0.31978303333333424 0.4572116999999996 0.5004118133333345 
40000 0.5003241199999964 0.7727032250000008 0.4408003050000015 0.3193336350000004 0.4570940250000026 0.5003162149999992 
50000 0.5002998120000022 0.7726710640000006 0.4407694840000004 0.31906310800000015 0.45705556000000247 0.5003001559999999 
60000 0.5002977799999991 0.7726641399999926 0.4407724233333321 0.31883592000000016 0.45706560333333324 0.5002714000000001 
70000 0.5003401685714297 0.7727229628571436 0.440776699999999 0.31871112285714087 0.45708924571428605 0.5003441999999991 
80000 0.5003347474999994 0.7727275450000013 0.4407858575000002 0.3185993350000003 0.45709645250000003 0.5003156875000008 
90000 0.5003514199999988 0.7727429577777774 0.4408101422222232 0.3185449311111107 0.4570757000000001 0.5003418111111119 
100000 0.5002908219999991 0.7726685440000013 0.44074970799999946 0.3184446619999991 0.45705277600000116 0.5003230940000003 
