Paging
1
MARK
5
Uni Geo Pois Hrm Dhr 
30 
3000 2396 241 20 1195 83 
3500 2811 282 20 1431 89 
4000 3208 319 20 1598 111 
4500 3598 361 20 1801 121 
5000 3988 403 20 2020 133 
5500 4399 433 20 2216 147 
6000 4802 467 20 2412 155 
6500 5202 525 20 2615 164 
7000 5611 543 20 2834 183 
7500 6000 591 20 3025 195 
8000 6405 621 20 3224 208 
8500 6793 666 20 3419 217 
9000 7206 705 20 3588 230 
9500 7611 730 20 3843 246 
10000 7986 775 20 4022 269 
10500 8420 793 20 4240 275 
11000 8814 857 20 4409 282 
11500 9206 885 20 4644 298 
12000 9591 927 20 4837 311 
12500 10024 957 20 5044 326 
