UpdateList
1
MTF 
5
Uni Geo Pois Hrm Dhr 
30 
3000 43457 31853 22071 25847 6940 
3500 50832 37326 25745 30522 8090 
4000 57891 42389 29474 34693 9251 
4500 65203 47630 33163 39063 10260 
5000 72311 53203 36717 43524 11583 
5500 79959 58058 40423 47957 12651 
6000 86999 63554 44066 52284 13702 
6500 94312 69178 47814 56493 14851 
7000 101517 74452 51264 61127 16076 
7500 108690 79624 55308 65264 17381 
8000 116217 84972 58762 69570 18778 
8500 123082 90125 62552 74122 19674 
9000 130479 95346 66278 77798 20798 
9500 137701 100746 69811 82348 21742 
10000 145156 106417 73401 86922 23077 
10500 152319 111215 77225 91285 24167 
11000 159203 116625 80659 95647 25402 
11500 166739 122097 84506 99848 26469 
12000 173563 127355 88298 104359 27275 
12500 181288 132964 91580 108468 28954 
