UpdateList
5
MTF TRANS FQ BIT TS 
1
Dhr 
30 
3000 7004 5032 4631 6620 5435 
3500 8025 5772 5293 7557 6204 
4000 9124 6588 5991 8573 7049 
4500 10394 7480 6792 9785 8047 
5000 11546 8300 7534 10878 8929 
5500 12664 9089 8233 11898 9740 
6000 13772 9917 8967 12969 10626 
6500 14967 10741 9692 14066 11551 
7000 16015 11524 10378 15099 12342 
7500 17197 12382 11139 16162 13276 
8000 18523 13276 11961 17445 14241 
8500 19501 14012 12586 18322 15016 
9000 20734 14897 13383 19541 15978 
9500 21927 15736 14116 20619 16879 
10000 23309 16736 15031 21998 17946 
10500 24225 17360 15549 22763 18591 
11000 25430 18296 16387 23911 19590 
11500 26208 18828 16842 24650 20153 
12000 27722 19884 17775 26089 21331 
12500 28934 20808 18583 27285 22310 
