Paging
1
RM
5
Uni Geo Pois Hrm Dhr 
30 
3000 2395 235 20 1202 85 
3500 2799 274 20 1411 91 
4000 3200 323 20 1636 109 
4500 3599 353 20 1807 125 
5000 4007 392 20 2026 135 
5500 4396 437 20 2198 143 
6000 4803 468 20 2398 153 
6500 5208 511 20 2612 170 
7000 5606 537 20 2847 181 
7500 5996 582 20 3020 199 
8000 6401 619 20 3202 213 
8500 6809 653 20 3423 217 
9000 7212 693 20 3633 226 
9500 7616 732 20 3847 244 
10000 8019 774 20 4040 262 
10500 8407 804 20 4214 264 
11000 8828 857 20 4425 282 
11500 9211 879 20 4616 304 
12000 9607 925 20 4846 310 
12500 10001 960 20 5030 322 
