Paging
6
LRU FIFO LFU MARK MARK2 RM 
1
Dhr 
30 
3000 83 123 77 83 82 92 
3500 95 142 87 95 94 103 
4000 111 163 102 111 106 120 
4500 119 178 107 119 115 131 
5000 134 196 118 134 125 144 
5500 145 221 125 145 140 159 
6000 160 243 143 160 152 177 
6500 174 263 146 174 163 187 
7000 177 267 153 177 166 192 
7500 196 297 162 196 186 215 
8000 216 329 183 216 204 233 
8500 221 337 189 221 211 239 
9000 237 360 194 237 227 257 
9500 243 374 204 243 230 267 
10000 256 390 218 256 246 281 
10500 267 411 219 267 250 291 
11000 291 447 236 291 275 318 
11500 296 458 247 296 281 325 
12000 309 479 256 309 292 335 
12500 325 490 263 325 307 349 
