Paging
1
LRU
5
Uni Geo Pois Hrm Dhr 
30 
3000 2393 236 20 1196 86 
3500 2795 274 20 1415 94 
4000 3198 313 20 1611 110 
4500 3588 356 20 1815 126 
5000 3995 392 20 2024 131 
5500 4408 432 20 2212 148 
6000 4803 468 20 2412 161 
6500 5203 513 20 2617 166 
7000 5593 548 20 2822 186 
7500 6009 583 20 3007 194 
8000 6405 618 20 3221 212 
8500 6803 649 20 3413 227 
9000 7210 696 20 3612 235 
9500 7614 742 20 3841 243 
10000 7996 767 20 4033 259 
10500 8424 815 20 4228 277 
11000 8826 853 20 4430 281 
11500 9211 888 20 4629 295 
12000 9603 930 20 4860 318 
12500 10008 973 20 5035 328 
