Paging
6
LRU FIFO LFU MARK MARK_FC RM 
1
Pois 
30 
3000 20 20 20 20 20 20 
3500 20 20 20 20 20 20 
4000 20 20 20 20 20 20 
4500 20 20 20 20 20 20 
5000 20 20 20 20 20 20 
5500 20 21 20 20 20 20 
6000 20 20 20 20 20 20 
6500 20 21 20 20 20 20 
7000 20 21 20 20 20 20 
7500 20 20 20 20 20 20 
8000 20 20 20 20 20 20 
8500 20 22 20 20 20 20 
9000 20 23 20 20 20 20 
9500 20 20 20 20 20 20 
10000 20 27 20 20 20 20 
10500 20 24 20 20 20 20 
11000 20 27 20 20 20 20 
11500 20 23 20 20 20 20 
12000 20 26 20 20 20 20 
12500 20 29 20 20 20 20 
