UpdateList
1
TS 
5
Uni Geo Pois Hrm Dhr 
30 
3000 43421 29153 20122 22988 5345 
3500 50720 33665 23225 26957 6262 
4000 57938 38395 26791 30690 7060 
4500 65034 43254 30150 34437 8016 
5000 72485 48276 33489 38227 8804 
5500 79699 52824 36907 42022 9783 
6000 87178 57641 39921 46028 10560 
6500 94193 62505 43324 49633 11576 
7000 101908 67310 46639 53574 12299 
7500 108803 72168 49983 57328 13298 
8000 116192 77303 53321 61496 14261 
8500 123002 81674 56488 65101 15097 
9000 130566 86116 59981 68862 16062 
9500 137678 91252 63056 72853 16857 
10000 145240 96111 66792 76191 17657 
10500 152319 100983 70000 80229 18956 
11000 159759 105485 73203 84138 19621 
11500 166418 110509 76471 87994 20559 
12000 174356 115388 79809 91935 21279 
12500 180970 120097 83235 95700 22004 
