UpdateList
5
MTF TRANS FQ BIT TS 
1
Uni 
30 
3000 43463 43588 43445 43412 43502 
3500 50832 50810 50627 50826 50861 
4000 58120 58357 58418 58017 58117 
4500 65355 65246 65100 65395 65353 
5000 72406 72609 72505 72318 72298 
5500 79787 79818 79765 79604 79883 
6000 86888 87123 87014 87045 86982 
6500 94249 94073 94113 94223 94204 
7000 101374 101319 101327 101510 101531 
7500 108728 108662 108766 108681 108618 
8000 115859 115961 116009 115832 115793 
8500 123508 123128 123123 123333 123247 
9000 130511 130616 130516 130475 130545 
9500 137573 137752 137827 137664 137698 
10000 144794 144998 145066 144921 144941 
10500 152086 152355 152188 152077 152241 
11000 159287 159431 159534 159298 159229 
11500 166968 166737 166549 167084 167079 
12000 174317 173872 174145 174294 174354 
12500 181467 181270 181489 181456 181527 
