UpdateList
1
BIT 
5
Uni Geo Pois Hrm Dhr 
30 
3000 43492 31221 21678 25167 6529 
3500 51113 36315 25273 29558 7601 
4000 58043 41480 28981 33612 8717 
4500 65413 46658 32498 37827 9481 
5000 72587 51754 35891 41885 10929 
5500 79624 56909 39460 46536 11818 
6000 86836 62373 43124 50613 12909 
6500 94038 67263 46840 54736 14174 
7000 101434 72359 50167 58680 15158 
7500 108683 77628 53970 63361 16088 
8000 116174 83131 57458 67429 17412 
8500 123324 88413 61232 71138 18411 
9000 130720 92961 64769 75754 19423 
9500 137752 98248 68238 80106 20454 
10000 145440 103730 71968 84446 21874 
10500 152628 108885 75359 88501 22613 
11000 159548 114105 79164 92842 24115 
11500 167044 118672 82587 97218 25210 
12000 173751 123854 86444 101065 26009 
12500 181120 129545 89926 105187 27110 
