Paging
1
MARK2
5
Uni Geo Pois Hrm Dhr 
30 
3000 2390 241 20 1217 80 
3500 2796 272 20 1412 97 
4000 3203 312 20 1603 106 
4500 3595 356 20 1806 119 
5000 4008 385 20 2010 134 
5500 4397 434 20 2218 147 
6000 4798 470 20 2428 159 
6500 5195 501 20 2609 167 
7000 5583 543 20 2822 184 
7500 5995 582 20 3018 195 
8000 6413 618 20 3234 211 
8500 6815 666 20 3417 220 
9000 7188 699 20 3616 235 
9500 7604 737 20 3829 242 
10000 8017 773 20 4011 254 
10500 8400 808 20 4236 271 
11000 8807 859 20 4439 285 
11500 9212 877 20 4639 292 
12000 9620 934 20 4824 313 
12500 10001 962 20 5049 320 
