UpdateList
5
MTF TRANS FQ BIT TS 
1
Pois 
30 
3000 21966 20257 17363 21523 20007 
3500 25729 23236 20199 25214 23331 
4000 29624 26476 23270 28995 26768 
4500 33048 29383 25926 32348 29982 
5000 36965 32340 28861 36114 33472 
5500 40369 35350 31632 39499 36599 
6000 44238 38507 34502 43380 40132 
6500 47763 41413 37285 46720 43284 
7000 51447 44288 40149 50316 46607 
7500 55132 47441 42895 53812 49852 
8000 58575 50013 45620 57152 52995 
8500 62599 53355 48609 61163 56679 
9000 66160 56425 51512 64655 59969 
9500 69733 59244 54259 68239 63293 
10000 73442 62409 57124 71817 66606 
10500 77055 65100 59868 75264 69759 
11000 80852 68320 62859 78965 73201 
11500 84360 71421 65620 82406 76507 
12000 88139 74175 68463 86167 79814 
12500 92068 77440 71432 89974 83319 
