Paging
1
FIFO
5
Uni Geo Pois Hrm Dhr 
30 
3000 2405 243 20 1222 81 
3500 2812 276 20 1417 93 
4000 3195 317 20 1617 105 
4500 3598 361 20 1811 118 
5000 3995 392 20 2016 139 
5500 4405 434 20 2229 145 
6000 4803 472 20 2416 163 
6500 5205 512 20 2612 169 
7000 5603 551 20 2821 172 
7500 6009 592 20 3020 197 
8000 6393 628 20 3227 216 
8500 6808 665 20 3435 225 
9000 7192 686 20 3602 236 
9500 7596 732 20 3831 248 
10000 8009 778 20 4021 258 
10500 8407 819 20 4231 263 
11000 8790 848 20 4414 282 
11500 9202 881 20 4623 291 
12000 9623 931 20 4816 315 
12500 10025 969 20 5038 323 
