UpdateList
1
FC 
5
Uni Geo Pois Hrm Dhr 
30 
3000 43524 24605 17487 19526 4519 
3500 50738 28536 20286 22429 5311 
4000 57727 32358 23051 25921 6057 
4500 65244 36660 25957 29184 6754 
5000 72643 40566 28696 32261 7542 
5500 80076 44359 31589 35510 8159 
6000 87093 48642 34412 38733 8963 
6500 94260 52387 37302 41552 9653 
7000 101237 56656 40036 44679 10464 
7500 108903 60506 43078 48167 11216 
8000 116394 64391 45831 51437 11821 
8500 123350 68344 48728 54177 12657 
9000 130464 72184 51394 57444 13259 
9500 137758 76201 54392 60499 14048 
10000 145185 80325 57213 63890 14895 
10500 152280 84388 59786 67122 15607 
11000 159479 88131 62929 70519 16265 
11500 166666 92319 65682 73411 17039 
12000 173894 96526 68500 76562 17645 
12500 181127 100144 71333 79767 18379 
