UpdateList
1
TRANS 
5
Uni Geo Pois Hrm Dhr 
30 
3000 43573 24968 20431 19826 4908 
3500 50819 29310 23491 23155 5836 
4000 57768 33452 26560 26541 6631 
4500 65429 37643 29533 30021 7368 
5000 72457 41739 32564 33302 8262 
5500 79583 45947 35297 36671 9157 
6000 86825 50152 38161 39854 9899 
6500 94504 54317 41431 43323 10753 
7000 101720 58446 44433 46365 11497 
7500 108667 62710 47275 49867 12381 
8000 116083 66650 50366 53223 13390 
8500 122995 71028 53241 56694 14050 
9000 130374 75246 56187 60107 14855 
9500 137892 79453 59402 63103 15777 
10000 145324 83485 62209 66713 16612 
10500 151900 87748 65424 69672 17303 
11000 159478 91956 68517 73220 18315 
11500 167066 96013 71298 76349 19205 
12000 173980 100555 74308 79956 19794 
12500 181127 104393 77378 83060 20749 
