UpdateList
5
MTF TRANS FQ BIT TS 
1
Hrm 
30 
3000 25916 19853 19390 25158 22875 
3500 30393 23142 22534 29433 26683 
4000 34763 26596 25835 33736 30595 
4500 39087 29936 29096 37909 34429 
5000 43366 33190 32193 42075 38134 
5500 48138 36664 35428 46650 42188 
6000 51857 39689 38378 50339 45683 
6500 56229 42897 41428 54442 49331 
7000 60664 46508 44862 58898 53306 
7500 65252 49936 48130 63179 57277 
8000 69482 53163 51221 67281 61156 
8500 73736 56471 54356 71516 64806 
9000 78265 59873 57626 75898 68771 
9500 82629 63270 60842 80172 72745 
10000 87265 66744 64092 84601 76730 
10500 91526 69987 67262 88705 80393 
11000 95506 72999 70134 92640 84004 
11500 99721 76493 73410 96673 87753 
12000 104765 80136 76864 101680 92110 
12500 108495 83111 79650 105276 95573 
