Paging
1
LFU 
5
Uni Geo Pois Hrm Dhr 
30 
3000 2402 184 20 1054 74 
3500 2796 205 20 1231 90 
4000 3192 242 20 1411 98 
4500 3604 257 20 1526 107 
5000 4005 288 20 1742 120 
5500 4399 313 20 1893 130 
6000 4802 337 20 2086 133 
6500 5193 368 20 2263 147 
7000 5597 408 20 2442 157 
7500 6012 445 20 2667 167 
8000 6408 452 20 2799 180 
8500 6806 477 20 2893 184 
9000 7214 492 20 3114 205 
9500 7592 546 20 3244 203 
10000 8005 551 20 3463 209 
10500 8410 598 20 3708 233 
11000 8802 623 20 3721 233 
11500 9224 635 20 3913 243 
12000 9605 645 20 4178 246 
12500 10006 717 20 4328 261 
