Paging
6
LRU FIFO LFU MARK MARK2 RM 
1
Uni 
30 
3000 2399 2397 2403 2399 2398 2400 
3500 2802 2806 2797 2802 2804 2806 
4000 3208 3206 3196 3208 3200 3204 
4500 3596 3592 3594 3596 3588 3593 
5000 4004 4007 3990 4004 4001 4001 
5500 4407 4407 4405 4407 4397 4409 
6000 4789 4790 4802 4789 4791 4794 
6500 5201 5212 5199 5201 5200 5204 
7000 5597 5601 5603 5597 5603 5602 
7500 6005 6004 5999 6005 6011 6006 
8000 6402 6408 6401 6402 6397 6395 
8500 6811 6805 6794 6811 6802 6800 
9000 7197 7203 7201 7197 7193 7201 
9500 7608 7602 7609 7608 7609 7605 
10000 8011 8004 8012 8011 8011 8007 
10500 8408 8402 8403 8408 8401 8403 
11000 8803 8823 8820 8803 8812 8810 
11500 9195 9195 9208 9195 9185 9184 
12000 9615 9624 9600 9615 9609 9611 
12500 10002 9993 10018 10002 10006 10004 
