UpdateList
5
MTF TRANS FQ BIT TS 
1
Geo 
30 
3000 31915 25247 24610 31157 28934 
3500 37043 29243 28446 36171 33517 
4000 42311 33293 32344 41249 38304 
4500 47805 37636 36478 46622 43217 
5000 53170 41798 40423 51872 47946 
5500 58396 45974 44440 56996 52890 
6000 63781 50298 48572 62313 57820 
6500 68805 54153 52304 67070 62258 
7000 74186 58521 56452 72524 67234 
7500 79421 62457 60210 77428 71653 
8000 84816 66839 64433 82827 76842 
8500 90092 70883 68290 88032 81596 
9000 95381 75027 72282 92967 86370 
9500 100901 79407 76497 98501 91450 
10000 106054 83430 80273 103606 96070 
10500 111157 87453 84160 108452 100706 
11000 116705 91776 88279 113777 105529 
11500 122472 96510 92804 119453 110836 
12000 127536 100162 96310 124304 115122 
12500 133004 104782 100651 129777 120435 
