Paging
6
LRU FIFO LFU MARK MARK2 RM 
1
Geo 
30 
3000 240 412 183 240 220 278 
3500 268 473 195 268 246 314 
4000 315 547 238 315 285 362 
4500 353 618 259 353 320 410 
5000 399 698 304 399 366 462 
5500 427 754 322 427 391 497 
6000 465 822 346 465 424 546 
6500 506 893 389 506 456 584 
7000 540 942 403 540 488 624 
7500 581 1020 407 581 527 673 
8000 617 1096 444 617 566 725 
8500 658 1164 499 658 590 767 
9000 696 1235 514 696 631 815 
9500 743 1309 540 743 670 865 
10000 768 1365 549 768 697 901 
10500 814 1452 576 814 738 947 
11000 850 1502 598 850 770 990 
11500 882 1576 638 882 800 1025 
12000 913 1636 636 913 829 1074 
12500 959 1703 697 959 865 1111 
