Paging
6
LRU FIFO LFU MARK MARK2 RM 
1
Hrm 
30 
3000 1216 1396 1061 1216 1168 1253 
3500 1403 1610 1206 1403 1350 1453 
4000 1609 1850 1423 1609 1558 1662 
4500 1799 2068 1562 1799 1737 1862 
5000 2012 2315 1738 2012 1936 2081 
5500 2230 2553 1911 2230 2139 2302 
6000 2411 2770 2053 2411 2326 2493 
6500 2618 2999 2248 2618 2513 2704 
7000 2819 3243 2451 2819 2719 2912 
7500 3031 3478 2617 3031 2920 3138 
8000 3203 3687 2715 3203 3082 3319 
8500 3408 3917 2906 3408 3280 3530 
9000 3633 4177 3155 3633 3501 3756 
9500 3811 4378 3215 3811 3672 3941 
10000 4005 4603 3466 4005 3860 4153 
10500 4231 4866 3700 4231 4075 4382 
11000 4426 5084 3808 4426 4256 4579 
11500 4651 5332 3991 4651 4476 4811 
12000 4835 5553 4128 4835 4664 5001 
12500 5021 5777 4296 5021 4835 5198 
